
# input  [/home/hitoshi/data/project/shitohichi-tools/graphfetcher/svgtool/], filename[packmaze.svg]

# output path [/home/hitoshi/data/project/shitohichi-tools/graphfetcher/svgtool/]
# filename [00test.coords]
path_segment:
40.0, 50.0
30.0, 50.0
30.0, 40.0
50.0, 40.0
50.0, 50.0
40.0, 50.0
path_segment:
72.0, 50.0
60.0, 50.0
60.0, 40.0
84.0, 40.0
84.0, 50.0
72.0, 50.0
path_segment:
19.0, 94.0
50.0, 94.0
50.0, 74.0
20.0, 74.0
20.0, 30.0
95.0, 30.0
95.0, 50.0
100.0, 50.0
100.0, 30.0
175.0, 30.0
175.0, 73.0
146.0, 73.0
146.0, 93.0
175.0, 93.0
path_segment:
40.0, 64.0
30.0, 64.0
30.0, 60.0
50.0, 60.0
50.0, 64.0
40.0, 64.0
path_segment:
60.0, 60.0
60.0, 94.0
64.0, 94.0
64.0, 78.0
83.0, 78.0
83.0, 74.0
64.0, 74.0
64.0, 60.0
60.0, 60.0
path_segment:
155.0, 50.0
145.0, 50.0
145.0, 40.0
165.0, 40.0
165.0, 50.0
155.0, 50.0
path_segment:
123.0, 50.0
111.0, 50.0
111.0, 40.0
135.0, 40.0
135.0, 50.0
123.0, 50.0
path_segment:
155.0, 64.0
145.0, 64.0
145.0, 60.0
165.0, 60.0
165.0, 64.0
155.0, 64.0
path_segment:
135.0, 60.0
135.0, 94.0
131.0, 94.0
131.0, 78.0
112.0, 78.0
112.0, 74.0
131.0, 74.0
131.0, 60.0
135.0, 60.0
path_segment:
115.0, 64.0
100.0, 64.0
100.0, 83.0
95.0, 83.0
95.0, 64.0
79.0, 64.0
79.0, 60.0
115.0, 60.0
115.0, 64.0
path_segment:
103.0, 98.0
115.0, 98.0
115.0, 112.0
79.0, 112.0
79.0, 98.0
92.0, 98.0
92.0, 95.0
76.0, 95.0
76.0, 115.0
118.0, 115.0
118.0, 95.0
103.0, 95.0
103.0, 98.0
path_segment:
60.0, 120.0
60.0, 110.0
64.0, 110.0
64.0, 130.0
60.0, 130.0
60.0, 120.0
path_segment:
115.0, 130.0
100.0, 130.0
100.0, 149.0
95.0, 149.0
95.0, 130.0
79.0, 130.0
79.0, 126.0
115.0, 126.0
115.0, 130.0
path_segment:
131.0, 120.0
131.0, 110.0
135.0, 110.0
135.0, 130.0
131.0, 130.0
131.0, 120.0
path_segment:
115.0, 164.0
100.0, 164.0
100.0, 183.0
95.0, 183.0
95.0, 164.0
79.0, 164.0
79.0, 160.0
115.0, 160.0
115.0, 164.0
path_segment:
70.0, 149.0
60.0, 149.0
60.0, 145.0
80.0, 145.0
80.0, 149.0
70.0, 149.0
path_segment:
125.0, 149.0
115.0, 149.0
115.0, 145.0
135.0, 145.0
135.0, 149.0
125.0, 149.0
path_segment:
30.0, 179.0
63.0, 179.0
63.0, 160.0
68.0, 160.0
68.0, 179.0
84.0, 179.0
84.0, 183.0
30.0, 183.0
30.0, 179.0
path_segment:
165.0, 179.0
132.0, 179.0
132.0, 160.0
127.0, 160.0
127.0, 179.0
111.0, 179.0
111.0, 183.0
165.0, 183.0
165.0, 179.0
path_segment:
50.0, 168.0
45.0, 168.0
45.0, 149.0
29.0, 149.0
29.0, 145.0
50.0, 145.0
50.0, 168.0
path_segment:
146.0, 168.0
151.0, 168.0
151.0, 149.0
167.0, 149.0
167.0, 145.0
146.0, 145.0
146.0, 168.0
path_segment:
176.0, 110.0
146.0, 110.0
146.0, 130.0
176.0, 130.0
176.0, 166.0
163.0, 166.0
163.0, 170.0
176.0, 170.0
176.0, 195.0
20.0, 195.0
20.0, 169.0
35.0, 169.0
35.0, 165.0
20.0, 165.0
20.0, 130.0
50.0, 130.0
50.0, 110.0
19.0, 110.0
rect_segment:
0.0, 0.0
215.9, 0.0
215.9, 279.4
0.0, 279.4
0.0, 0.0
rect_segment:
30.0, 40.0
50.01, 40.0
50.01, 50.01
30.0, 50.01
30.0, 40.0
rect_segment:
60.0, 40.0
84.01, 40.0
84.01, 50.01
60.0, 50.01
60.0, 40.0
rect_segment:
30.0, 60.0
50.01, 60.0
50.01, 64.01
30.0, 64.01
30.0, 60.0
rect_segment:
145.0, 40.0
165.01, 40.0
165.01, 50.01
145.0, 50.01
145.0, 40.0
rect_segment:
111.0, 40.0
135.01, 40.0
135.01, 50.01
111.0, 50.01
111.0, 40.0
rect_segment:
145.0, 60.0
165.01, 60.0
165.01, 64.01
145.0, 64.01
145.0, 60.0
rect_segment:
64.0, 110.0
84.01, 110.0
84.01, 114.01
64.0, 114.01
64.0, 110.0
rect_segment:
135.0, 110.0
155.01, 110.0
155.01, 114.01
135.0, 114.01
135.0, 110.0
rect_segment:
60.0, 145.0
80.01, 145.0
80.01, 149.01
60.0, 149.01
60.0, 145.0
rect_segment:
115.0, 145.0
135.01, 145.0
135.01, 149.01
115.0, 149.01
115.0, 145.0
