#PageRankData 0
# PageRank computation data result
# Copyright (C) 2012 Hitoshi Yamauchi
#
# result_index pagerank sorted_permulation_index
#
1 0.00035599 566
7 7.99432e-05 1612
8 4.87004e-05 584
9 0.000174039 1206
10 0.000845266 1347
14 0.00016113 231
15 0.000401675 724
21 7.23914e-05 179
22 2.45474e-05 237
23 0.0001925 701
25 0.000170012 1051
34 4.28658e-05 591
39 0.00103061 775
44 0.000140694 194
48 2.99577e-05 758
49 2.69385e-05 1845
52 2.19197e-05 1920
54 0.000279376 823
55 2.76234e-05 948
60 0.000403343 916
64 0.000114913 928
67 0.00019453 64
70 0.000703077 1994
74 0.000970103 813
78 0.000356171 1867
79 2.24746e-05 2073
84 0.000102507 1145
86 3.30827e-05 493
87 0.00052317 239
88 0.000102496 999
89 0.000810292 61
90 0.00071419 281
92 0.00144697 1189
93 0.00152071 1623
94 2.40973e-05 409
95 0.00027264 1981
101 0.000539665 1510
102 0.000299598 1203
103 0.00172814 116
104 0.000357686 787
108 5.94192e-05 1566
109 0.00194887 987
110 3.83932e-05 131
112 2.48441e-05 1244
114 8.87675e-05 888
115 0.000757717 471
117 5.42048e-05 247
120 9.19479e-05 1621
121 2.64203e-05 1632
122 0.000218788 1303
123 0.000675333 80
124 3.2583e-05 1758
125 3.2583e-05 1222
130 0.000179805 1950
133 0.000180394 585
136 3.99925e-05 1290
138 3.99681e-05 204
140 0.000836176 1568
141 0.000333482 1320
144 0.0021684 541
145 0.00388125 159
147 0.000969718 908
148 2.67838e-05 1907
149 0.0047293 639
156 0.000698108 1931
157 0.000295226 132
161 5.71303e-05 1711
166 0.000939788 1850
169 5.52746e-05 1565
174 0.000205104 1354
178 0.000305786 1649
180 0.00118653 1459
188 0.000417886 2068
192 2.18932e-05 392
194 2.00441e-05 698
200 0.000126917 1882
202 0.000105464 289
211 9.6686e-05 506
212 5.54046e-05 448
214 0.00317168 430
226 0.00208084 2072
228 0.00019289 1786
232 0.000120165 265
233 0.000458839 1388
235 0.000106523 872
239 0.000223143 761
247 0.000409282 1330
249 0.0004103 669
250 0.00181849 1635
252 0.000624431 1871
256 2.40686e-05 1799
257 0.000113083 543
262 0.000596348 60
264 5.01377e-05 1137
268 3.17162e-05 1204
272 0.00166612 1782
273 0.00024225 519
277 0.000143442 346
282 0.00039642 827
287 0.000128418 81
290 2.47074e-05 892
292 0.000284744 860
293 7.61616e-05 559
294 6.66812e-05 708
296 0.000352545 631
299 0.00055753 751
300 0.000825239 783
302 0.000204339 2040
304 7.51159e-05 412
305 0.00082188 602
309 9.58413e-05 42
311 0.000181899 1554
312 4.7546e-05 477
313 0.000248438 1118
315 4.13181e-05 1536
317 0.00358308 1959
318 4.76016e-05 1344
319 8.27998e-05 964
330 0.000245566 1302
331 0.000112408 89
337 6.21177e-05 331
341 4.2875e-05 1086
342 0.000227143 1630
344 0.00107702 1736
347 0.000119116 1202
355 5.0706e-05 1261
359 2.28785e-05 1926
375 0.00120227 1698
377 5.23684e-05 39
379 0.000102883 158
381 0.00351843 606
382 0.0027714 323
391 9.95883e-05 858
397 1.88741e-05 939
398 0.000477921 960
402 3.67624e-05 96
409 6.91768e-05 1461
410 0.000417334 752
418 2.45474e-05 389
426 0.00147535 1526
430 4.95467e-05 240
431 0.000833063 873
432 0.000160231 644
434 0.000100245 34
442 0.000147868 604
446 0.000130525 655
448 0.000102725 1928
449 5.39353e-05 501
451 8.70051e-05 1792
456 4.81816e-05 1116
464 3.90575e-05 1892
466 0.000106583 140
467 0.000166893 2027
474 0.000113982 1111
480 0.000406073 531
484 4.40764e-05 881
486 2.27135e-05 33
489 0.00171367 1397
491 0.00297475 280
492 3.20436e-05 1121
497 2.28785e-05 1572
498 0.000290335 1362
504 0.00010124 1937
506 2.13932e-05 978
508 0.000776332 185
514 0.00064429 496
517 2.42251e-05 1452
518 0.000658796 301
522 0.000240404 769
523 2.28074e-05 1732
525 0.000655198 269
527 0.000955925 897
538 7.43018e-05 1677
543 5.86186e-05 368
544 7.07438e-05 1622
545 2.53185e-05 1831
547 0.000277582 900
551 4.50075e-05 831
556 0.00833565 1291
557 1.9017e-05 1299
559 5.98177e-05 2036
562 0.000148261 1436
565 0.000173371 1923
568 1.9744e-05 912
569 0.00138582 1268
574 0.000242998 2074
577 0.000957565 665
578 0.000383058 1185
579 0.00119979 317
580 4.83722e-05 690
586 6.94175e-05 782
587 2.48441e-05 128
588 0.000275733 189
589 0.00623807 1853
593 0.000343392 1200
599 0.000170674 1781
600 2.48872e-05 1135
607 3.5009e-05 72
610 0.000607548 489
612 0.000221341 580
613 0.000287056 1446
616 0.000133616 1472
618 0.000780309 505
619 0.00309121 364
631 0.000100004 1905
633 0.000379999 1904
641 5.15771e-05 681
643 0.000324475 930
644 0.000145288 1943
654 0.000544484 2011
659 0.000274408 1505
662 4.02038e-05 473
664 0.000859798 124
665 0.000249059 1157
669 0.000286955 1849
672 0.000148585 647
674 0.000105284 793
675 0.000337915 1808
676 5.90202e-05 540
677 3.90387e-05 227
678 0.00016297 693
679 9.46384e-05 1245
681 9.46384e-05 13
682 0.000312319 1424
684 0.00028901 923
685 0.000428308 943
686 0.00104283 593
689 6.23143e-05 1194
690 3.90133e-05 1085
696 9.95536e-05 1545
697 0.00979513 1011
698 3.93362e-05 1595
699 0.000106158 716
703 7.85929e-05 1365
704 0.000100666 1753
705 0.000172985 1465
708 0.00742222 24
717 5.12266e-05 62
718 0.00416313 1006
721 0.0015727 1403
731 0.000140442 641
735 0.000357873 187
736 8.74168e-05 172
737 0.000710671 1220
741 0.000484005 372
742 3.2583e-05 347
743 0.00339234 1205
746 9.15565e-05 1843
748 0.00077905 68
749 0.000311463 478
750 0.000126386 290
753 0.000101519 1000
755 0.000649528 1889
756 0.000115104 737
758 0.000165904 1201
771 7.45145e-05 1207
774 2.57277e-05 966
775 0.000100839 1337
776 1.9017e-05 732
780 0.000454048 350
781 0.000448038 500
782 6.29272e-05 1438
784 0.000103222 1018
790 0.000671595 770
791 0.00232474 1624
794 0.000264317 363
797 0.00010124 1271
808 0.000111371 1071
811 0.00134871 474
813 0.0001387 1228
815 3.17162e-05 1538
817 4.2875e-05 1503
826 5.56343e-05 213
832 0.000257693 1654
836 9.99878e-05 612
838 0.000583323 2028
842 2.92988e-05 1030
849 0.000379213 1310
850 3.93123e-05 395
854 0.00143811 5
856 0.00379528 1500
857 0.000174582 1964
859 7.20981e-05 766
864 0.000103092 768
867 0.000624947 1066
868 8.20978e-05 495
870 2.76234e-05 58
871 3.59015e-05 891
876 0.00240905 142
881 0.000937143 107
882 4.80953e-05 563
883 9.0171e-05 110
885 2.14104e-05 460
886 0.000126185 883
887 0.00045134 666
889 0.00013652 581
894 0.000112661 529
895 5.231e-05 31
898 0.000805587 1611
899 5.42173e-05 403
900 0.00137463 1256
901 0.000798212 299
906 2.48441e-05 1466
909 0.000670187 302
910 0.000320683 1041
912 1.96849e-05 1044
913 0.000469793 588
914 0.000133616 407
923 0.000160684 776
926 5.47027e-05 203
927 0.000134792 837
930 7.0965e-05 249
932 2.58286e-05 165
933 5.69954e-05 1496
943 6.99887e-05 1619
944 0.000434196 952
945 0.00120949 1492
948 0.000194688 729
949 3.67624e-05 486
952 0.000209728 1368
955 0.000133616 357
956 0.000522599 986
959 0.00170515 854
968 8.19394e-05 46
969 9.25619e-05 691
972 3.9831e-05 338
973 0.000272195 1785
977 2.34192e-05 1435
983 0.000269182 391
986 0.000592269 522
987 0.00181075 778
992 0.00013091 1810
997 0.000716904 1153
998 0.000158084 1704
1001 0.000192053 1062
1004 4.21362e-05 2041
1006 0.000204485 1083
1009 0.000755339 1150
1010 4.79313e-05 1978
1011 2.09557e-05 446
1013 0.000162108 1069
1033 0.000240023 1906
1036 0.000184682 333
1040 0.000521832 890
1042 0.000326369 32
1047 0.00211103 904
1048 0.000947352 757
1049 0.000127189 244
1051 0.000374347 1056
1052 0.00091436 1139
1058 0.000243291 1138
1059 9.49579e-05 23
1062 0.000529509 1252
1064 0.000107298 980
1068 3.1524e-05 65
1072 0.000103593 2065
1078 0.000764881 1975
1082 0.000306455 1049
1083 5.76187e-05 1672
1085 0.000162303 587
1090 0.000466341 1140
1091 0.000103234 51
1098 0.000888213 688
1099 0.00112594 1498
1104 8.89302e-05 264
1105 0.000551391 304
1110 0.000315227 1673
1115 0.00131667 2037
1131 0.000395935 1960
1132 4.74129e-05 168
1137 2.80628e-05 846
1145 0.000950699 171
1150 2.14459e-05 679
1152 3.23038e-05 253
1154 5.47107e-05 166
1155 4.2875e-05 558
1156 4.2875e-05 499
1158 5.42048e-05 1230
1159 8.06752e-05 700
1160 4.7536e-05 1911
1162 0.000157428 874
1163 8.20511e-05 983
1164 0.000114913 1463
1166 0.000271014 2048
1169 0.000160844 1250
1171 0.000279595 1969
1172 0.000133616 285
1173 0.000133616 90
1177 0.00158768 1457
1182 0.000121043 762
1183 0.000750686 1627
1186 0.00246523 615
1190 0.000185701 605
1191 0.000103092 199
1199 0.000850294 1143
1201 0.000425853 1841
1206 0.000144651 810
1207 2.24746e-05 730
1211 0.000157471 1921
1212 0.000180601 93
1213 4.63877e-05 422
1217 0.000169431 1847
1220 0.000805811 1778
1221 0.000114811 682
1225 0.000136521 1600
1228 0.000133896 330
1229 0.000782011 546
1233 0.000558206 1777
1234 0.00375639 715
1235 0.000548508 1638
1236 8.24927e-05 1679
1237 0.00197478 955
1240 0.000267405 276
1241 3.50787e-05 617
1252 8.4606e-05 1306
1253 0.000112833 1474
1254 3.65877e-05 1100
1255 6.03525e-05 1798
1258 0.00033834 648
1259 0.000370949 722
1264 4.42075e-05 1171
1270 0.0005953 1224
1276 0.000360891 1240
1279 0.000133616 1985
1285 0.000111472 468
1290 0.000276035 1641
1291 0.000465615 408
1294 0.000462388 106
1295 2.29335e-05 1614
1299 0.00235854 366
1300 0.000205569 1434
1302 4.95063e-05 1198
1304 6.54161e-05 410
1305 0.000126429 1574
1307 0.000234352 1852
1308 0.000227905 535
1309 0.000126825 210
1311 2.50157e-05 635
1312 0.000306942 670
1313 6.06679e-05 37
1314 7.07112e-05 548
1319 0.000296193 1712
1324 0.000133616 1128
1328 6.37666e-05 483
1330 4.50075e-05 1828
1335 0.000720107 1553
1341 0.000139987 451
1342 0.00239973 353
1344 0.000202088 1877
1346 7.48667e-05 1077
1347 0.000530276 1009
1348 0.000130343 29
1354 4.122e-05 322
1361 0.000128447 344
1364 0.000107298 1957
1365 6.7334e-05 1584
1369 4.2875e-05 840
1371 2.63818e-05 508
1384 2.93863e-05 1266
1385 0.000821491 1073
1388 9.23721e-05 914
1392 2.14104e-05 1374
1395 0.000427916 1386
1396 0.000210512 1752
1397 0.000211898 1453
1399 0.000150966 1818
1401 4.85254e-05 1901
1406 0.000560081 621
1407 8.12257e-05 1723
1412 0.000135722 1501
1413 0.00343221 479
1414 0.000481445 1401
1421 0.00108895 806
1423 0.000871064 245
1429 9.06903e-05 1591
1430 5.47107e-05 1660
1432 0.00193231 472
1433 0.000939209 135
1436 0.000491229 1285
1440 0.000412942 830
1450 0.000133616 1301
1455 9.67069e-05 1125
1456 0.00053435 1381
1457 4.122e-05 307
1458 0.000395284 870
1459 0.000771894 1179
1461 2.09226e-05 1212
1462 2.10735e-05 2047
1464 0.00117876 781
1466 5.76433e-05 361
1468 0.000270027 427
1469 0.000232756 1064
1470 0.00420049 1759
1473 8.36447e-05 534
1474 0.000838413 428
1477 0.00138523 1318
1482 9.65631e-05 991
1483 0.000119059 1089
1484 0.000641789 623
1486 0.000906312 1021
1487 0.0015131 84
1490 0.00039965 1034
1491 6.50568e-05 927
1497 4.56393e-05 260
1498 0.00113633 295
1501 0.00240383 1039
1502 9.34254e-05 261
1504 0.000517706 1872
1505 1.82073e-05 1124
1507 9.99369e-05 1879
1509 0.000168201 1342
1510 4.15093e-05 1328
1513 0.00014052 2007
1514 3.11057e-05 616
1520 0.000133616 657
1521 0.000133616 1274
1524 0.000148372 316
1525 0.000114211 620
1526 0.00213186 1104
1527 5.45429e-05 1218
1532 0.000112547 1414
1533 0.000747613 1995
1534 0.000179942 748
1538 5.80227e-05 1001
1549 4.01612e-05 1162
1552 4.96808e-05 1484
1553 2.72411e-05 1846
1556 7.89623e-05 226
1558 0.000811083 582
1561 3.64083e-05 463
1567 0.00145363 1857
1574 0.000218636 702
1578 0.000100172 396
1580 0.000462589 642
1583 0.000544862 1081
1587 7.39755e-05 1945
1589 5.47107e-05 667
1590 4.122e-05 1848
1591 2.73607e-05 1564
1594 0.00105158 848
1603 0.00302066 1264
1609 0.00023027 73
1612 0.00217032 1278
1615 8.66521e-05 138
1616 1.98656e-05 898
1619 0.000591464 1046
1620 6.07602e-05 1996
1621 0.000538937 1774
1623 4.03681e-05 480
1638 3.18439e-05 1015
1639 5.73343e-05 88
1641 0.000142516 87
1647 5.65882e-05 1012
1648 9.97475e-05 1594
1650 8.20662e-05 155
1655 9.95536e-05 1384
1658 0.000131143 20
1660 0.000642662 7
1661 0.0020323 502
1662 8.24113e-05 1795
1670 3.17162e-05 99
1673 0.000133616 895
1675 0.000823825 369
1677 0.000141521 824
1681 0.000166101 485
1682 0.017 1127
1684 0.000303086 1694
1685 4.28658e-05 2019
1686 7.42144e-05 660
1689 0.000106195 1636
1690 0.000133616 574
1691 0.000190668 188
1693 0.000273683 812
1695 0.000387376 1186
1696 2.12302e-05 2056
1697 0.000252477 911
1699 0.00024836 1394
1709 2.50402e-05 1535
1714 4.06956e-05 1588
1715 0.00117547 206
1716 0.000815403 804
1718 0.000428168 1227
1720 0.000362151 278
1721 0.0126643 1541
1722 0.00313323 915
1724 0.000306357 1823
1727 0.000684653 349
1739 0.000787876 1618
1747 0.00026081 1488
1748 0.00013863 1248
1749 0.00693799 420
1750 6.19005e-05 1123
1756 0.00101832 1304
1758 8.29703e-05 1593
1759 0.00020001 1932
1762 6.47783e-05 1455
1763 3.30374e-05 1024
1765 2.70624e-05 1767
1768 3.75387e-05 1332
1770 1.88741e-05 1714
1772 1.82073e-05 1838
1773 0.00195172 2043
1774 0.000306055 754
1775 0.00151662 583
1776 0.000609197 2006
1777 0.00170902 1733
1783 0.000122393 1019
1786 3.40238e-05 1515
1794 1.96849e-05 423
1795 0.000189564 687
1798 5.45429e-05 1486
1803 0.00085885 1738
1807 4.2875e-05 242
1808 0.000133616 40
1810 0.000609661 25
1813 0.000437686 1
1814 0.000581815 2038
1815 3.72846e-05 856
1816 0.000347139 984
1825 0.000433421 105
1826 0.000493323 1429
1829 0.000160873 749
1833 0.000461766 1827
1834 0.000114933 1573
1835 0.000134524 1662
1836 2.69385e-05 619
1837 0.000207146 1744
1841 0.000112077 1956
1842 4.15904e-05 706
1848 0.000133616 1063
1849 0.00202754 195
1850 6.07024e-05 1265
1851 0.000130723 1922
1852 0.000293631 857
1853 0.000544468 419
1854 2.24242e-05 218
1856 0.000221423 1508
1857 7.08996e-05 1689
1858 0.00283156 1765
1859 0.00013921 1661
1864 0.000958844 1542
1866 0.00042563 59
1869 3.62866e-05 651
1870 0.00155843 817
1873 7.59818e-05 907
1875 4.94289e-05 792
1876 0.00106701 1552
1877 0.00056985 1061
1881 2.3927e-05 1729
1883 0.000107091 1876
1890 0.000333433 1357
1891 8.28894e-05 345
1894 0.000263546 1078
1898 0.000306535 753
1900 0.00151366 1967
1901 0.000189969 1768
1902 0.000436656 208
1904 5.27281e-05 994
1909 0.000202016 1659
1911 0.000388122 1885
1913 0.000112343 1840
1915 0.000187147 305
1919 0.00022569 2053
1921 5.47107e-05 1749
1925 0.00121257 1507
1928 0.000817587 2013
1929 0.000424928 367
1937 0.000196522 1802
1942 0.00222839 224
1946 0.000540678 250
1947 0.00010916 1761
1952 3.51011e-05 1025
1957 0.000193315 1038
1959 0.000116154 1637
1960 4.2875e-05 1644
1961 5.47107e-05 439
1965 2.87515e-05 1084
1967 1.96849e-05 654
1968 0.00065095 1270
1972 0.000130655 358
1973 0.00111625 586
1975 0.000593048 603
1976 0.000103619 71
1977 0.00026194 1696
1981 0.000102218 567
1982 0.000182297 1262
1983 0.000360335 1002
1984 0.000674771 1159
1986 3.93123e-05 1625
1988 0.00120931 38
1989 0.000757104 1482
1991 0.000104381 2044
1992 0.00104129 1842
1995 0.000231327 851
1996 8.07236e-05 1276
1997 4.28658e-05 442
2001 8.20978e-05 66
2002 0.00245947 1915
2003 6.29272e-05 1023
2006 0.000640646 634
2008 0.00725568 903
2010 0.000426847 1571
2014 2.85566e-05 2009
2018 0.000198649 1708
2022 7.90593e-05 1851
2023 0.000344889 162
2030 0.000221107 1156
2033 0.00203148 1307
2034 0.000224213 225
2037 0.000130001 1241
2038 0.000152858 982
2040 2.12478e-05 201
2047 3.56808e-05 215
2048 2.12478e-05 1760
2049 0.000588801 1787
2050 0.00099755 1716
2052 2.99577e-05 726
2060 0.00010301 102
2061 0.000138103 1596
2062 7.36496e-05 784
2064 4.62167e-05 1462
2065 0.00056866 1242
2069 2.99577e-05 386
2070 0.0088075 1385
2071 2.69385e-05 18
2073 0.000284989 177
2077 3.10962e-05 1511
2078 4.91755e-05 426
2085 0.000771894 193
2086 0.000600566 1490
2087 7.74437e-05 909
2089 0.000914645 211
2095 0.000133616 799
2097 2.14104e-05 573
2098 0.000114933 1395
2099 0.000209635 36
2100 0.000926339 1576
2105 8.14529e-05 327
2106 0.000100239 384
2107 4.2875e-05 1953
2110 6.19294e-05 1629
2111 5.1264e-05 491
2112 5.83915e-05 329
2113 0.000133616 945
2114 5.21877e-05 413
2115 0.000233782 1251
2123 0.000225818 1467
2124 0.000430131 266
2127 0.000351779 653
2129 0.000194291 1243
2138 0.00198682 1120
2139 0.00161233 1754
2142 0.000325343 684
2143 0.00036257 1676
2144 0.000249625 589
2153 2.80693e-05 1671
2155 0.00071198 926
2159 0.00605692 1380
2162 6.27197e-05 1287
2166 2.66448e-05 1821
2176 0.00228063 274
2180 0.000617987 774
2181 2.84182e-05 1861
2182 8.34917e-05 1929
2185 0.000102246 811
2186 0.00084394 1517
2188 0.00010767 1392
2189 0.000841925 1129
2190 0.00135455 576
2191 0.000891469 1740
2193 6.36981e-05 2070
2194 2.26893e-05 1092
2195 2.18338e-05 1980
2196 0.000257572 1234
2197 0.00649696 1098
2199 0.000781008 755
2210 0.000124172 1933
2211 0.000746805 1217
2213 2.99577e-05 974
2214 2.69385e-05 2012
2217 0.000467668 214
2218 0.00120417 1336
2220 0.00198329 114
2222 0.000282807 577
2224 4.83425e-05 2050
2225 3.4636e-05 1294
2226 0.00357506 1470
2227 7.4008e-05 119
2229 0.000103174 1826
2231 0.000127605 800
2232 5.98081e-05 1598
2234 0.000331985 1040
2237 0.00106046 965
2239 2.04202e-05 351
2241 0.000162108 186
2242 2.7832e-05 97
2250 2.14459e-05 169
2252 2.9228e-05 342
2254 0.000273726 1471
2256 0.00024374 1551
2259 0.000170173 1146
2264 3.92715e-05 2002
2265 3.62062e-05 1739
2266 0.000379981 1934
2269 3.17162e-05 1725
2272 0.000488954 941
2275 0.000205693 435
2282 2.37022e-05 746
2285 6.80412e-05 492
2294 0.000602506 1645
2295 0.000256095 694
2296 0.000383006 1272
2298 0.00459519 1273
2299 7.49441e-05 542
2300 6.3229e-05 977
2304 0.000105982 1144
2305 0.000333201 1022
2306 4.09759e-05 1172
2307 0.000114202 1090
2308 0.000103035 436
2310 0.000100121 123
2311 0.000136542 967
2312 0.00513188 1478
2315 0.000395727 1977
2316 6.35779e-05 747
2319 8.65763e-05 922
2320 0.00208906 663
2322 5.47107e-05 2062
2323 4.2875e-05 1809
2327 0.000476163 1919
2333 0.001253 876
2338 0.000164146 709
2347 0.000133616 954
2348 0.000133616 1878
2350 7.82705e-05 86
2354 0.000133616 1131
2362 0.000779332 637
2370 3.17162e-05 200
2371 8.91549e-05 707
2375 0.000519013 996
2376 6.61433e-05 1180
2377 0.000190668 1620
2379 9.78861e-05 1319
2380 8.22919e-05 50
2381 0.000203845 532
2382 0.000658367 1340
2383 0.000102121 1091
2384 0.000421382 1219
2389 6.07703e-05 1174
2394 3.2583e-05 1514
2395 0.000296767 1772
2400 8.64281e-05 1930
2402 0.000145333 1927
2406 0.000758454 1890
2408 3.00783e-05 1790
2409 0.000355109 1300
2410 0.000339129 1288
2413 0.00168874 878
2417 6.72354e-05 1375
2419 0.00204635 465
2420 3.50787e-05 1834
2421 8.72897e-05 1947
2422 2.38202e-05 1103
2425 0.000138607 464
2426 3.23038e-05 1755
2427 5.47107e-05 320
2428 4.2875e-05 736
2429 0.000102997 1813
2431 7.85638e-05 1763
2437 0.00046925 627
2441 4.48736e-05 1405
2442 0.00231278 1577
2443 0.00156808 1352
2444 0.000637589 1986
2445 7.36409e-05 953
2449 0.000224922 807
2451 6.29537e-05 431
2455 0.000212903 70
2463 6.04804e-05 337
2464 0.000133616 108
2465 0.00145318 1487
2466 9.08161e-05 845
2469 0.000821117 449
2470 5.81784e-05 659
2474 2.28785e-05 959
2488 8.85821e-05 1966
2492 3.30852e-05 1393
2495 0.00348656 1628
2497 7.44569e-05 1396
2502 0.000714332 1149
2503 0.000835643 595
2504 0.00207427 1940
2505 0.000133616 1166
2506 0.000146155 704
2507 0.000395959 2016
2509 2.73607e-05 1192
2510 0.00133178 1313
2513 0.000417243 1648
2515 7.77003e-05 668
2525 0.00129813 1188
2527 0.000107435 1154
2529 0.000156787 318
2530 0.000293292 1844
2531 0.00071315 22
2537 0.000133616 750
2538 0.000133616 1292
2539 0.00033286 673
2545 0.00289981 82
2546 0.000275457 1579
2547 2.19197e-05 1647
2550 0.000381662 10
2555 0.00122021 335
2556 0.000133616 1658
2558 0.000506144 1441
2568 0.000375091 1068
2569 0.00490967 572
2570 2.63201e-05 842
2571 3.1851e-05 2060
2574 5.73343e-05 1859
2575 0.000165611 656
2577 0.000140772 610
2578 0.000225784 1411
2582 0.00102593 1235
2585 0.000118823 938
2589 0.000147437 2064
2593 0.000260316 1581
2607 0.000454875 662
2608 0.00485103 1616
2609 0.000108978 942
2613 0.00111311 393
2615 0.000133616 1640
2616 0.000133616 343
2623 8.98961e-05 1557
2625 5.80227e-05 2030
2626 3.34327e-05 686
2627 0.000122992 112
2631 0.000108073 400
2632 0.000187861 55
2633 0.00168835 1783
2637 2.14908e-05 1322
2641 0.000234419 523
2644 0.000186005 54
2648 0.00102459 1004
2657 4.2875e-05 2054
2659 0.000268885 1094
2662 0.000155735 1491
2666 2.40973e-05 282
2669 0.00497189 1221
2670 5.47107e-05 4
2672 5.37122e-05 1260
2673 7.30285e-05 183
2675 0.000773273 1416
2681 0.000205997 236
2683 0.000224192 1797
2684 0.000584607 1382
2685 0.00011247 1793
2686 0.000126682 196
2687 0.000128142 1970
2693 0.000201809 801
2694 0.00168709 11
2695 6.83126e-05 1837
2696 5.47107e-05 402
2697 3.90317e-05 1563
2698 0.00181968 1136
2699 0.000243341 1377
2705 0.000915433 1602
2709 0.000226465 511
2710 0.000147146 1604
2713 7.87987e-05 1681
2719 8.119e-05 153
2722 3.70006e-05 1331
2723 6.9175e-05 565
2725 5.65882e-05 255
2728 0.000249436 1412
2730 3.66458e-05 920
2733 3.71726e-05 1060
2734 0.000229765 1107
2735 0.00138866 2033
2738 0.00012811 993
2739 0.000699368 832
2741 0.000148727 2003
2742 0.000288219 1580
2745 0.000636629 2035
2748 0.000353435 221
2756 0.000133616 1822
2762 0.000764184 360
2763 0.00352703 341
2765 5.47107e-05 795
2766 7.02962e-05 1355
2767 0.000104178 1433
2769 0.000461946 6
2770 2.43576e-05 622
2771 0.000164146 385
2773 0.000324021 309
2775 3.29863e-05 143
2777 0.000221003 334
2778 0.000107569 399
2783 2.48441e-05 381
2785 0.00408553 1451
2787 0.00093358 902
2790 0.00042922 1053
2799 0.00030241 1239
2802 6.28449e-05 1713
2805 0.000179152 1163
2806 4.28658e-05 1415
2808 0.000967728 1223
2811 7.11275e-05 2049
2819 0.000133616 946
2825 0.000523776 1155
2829 4.13101e-05 1780
2830 0.00100432 1769
2832 0.00040896 1794
2834 4.66635e-05 2046
2835 0.000123493 1546
2840 0.000411458 1267
2842 6.53664e-05 711
2843 0.000106583 1193
2847 0.000898458 1731
2848 0.000361203 466
2851 0.000118203 1383
2852 0.000461305 1862
2853 0.000229269 981
2855 0.000293754 216
2856 0.000368741 517
2859 0.000309712 182
2860 3.93123e-05 1088
2864 2.62115e-05 145
2866 6.52074e-05 1944
2869 6.63966e-05 925
2875 0.000853709 968
2881 0.00011316 1253
2883 0.000133616 1582
2886 3.72105e-05 894
2890 0.000455202 1432
2894 8.74679e-05 853
2896 0.000133616 209
2898 0.000133616 397
2900 0.000309058 1477
2904 0.000450944 1296
2910 0.000243554 98
2920 0.000792792 1099
2922 7.85195e-05 1335
2924 0.000136439 552
2929 0.000792579 1976
2931 0.000126917 564
2935 0.000415835 2008
2940 7.29848e-05 921
2941 2.27805e-05 14
2943 0.000688088 513
2944 9.87849e-05 241
2946 0.00713366 447
2948 0.000133616 640
2951 0.00015658 1634
2953 2.87573e-05 270
2955 0.000117269 590
2958 0.000709529 1773
2960 9.47263e-05 864
2961 6.79847e-05 1693
2966 5.01377e-05 719
2969 0.000164759 1599
2977 0.000330306 1519
2980 0.000732766 1893
2989 0.000344778 822
2993 0.000465114 405
2997 4.02744e-05 296
3000 0.000841842 1043
3003 3.08538e-05 1351
3004 0.0001909 1502
3005 0.000719908 1211
3012 4.96154e-05 470
3015 0.00087471 1413
3016 4.98435e-05 1390
3017 0.000508954 1109
3018 3.2583e-05 311
3019 3.2583e-05 1569
3025 2.24746e-05 625
3029 0.000524072 1864
3030 0.000325739 1095
3031 0.00012711 406
3034 5.20927e-05 1883
3037 0.00042548 1884
3041 0.000133594 1874
3044 0.000726914 1875
3053 0.000306801 1734
3054 0.00101475 1735
3063 0.00180811 1816
3072 5.76831e-05 1587
3073 0.000148001 1643
3077 0.00046177 1642
3078 0.000228703 1522
3081 0.000217817 1523
3088 0.000251321 1909
3093 0.000133616 1954
3095 0.000178736 1427
3100 0.000133995 1428
3102 0.000102246 1419
3104 0.000133616 1420
3106 0.000250297 1575
3112 0.000143428 1406
3113 0.000575548 1407
3118 4.51366e-05 985
3125 0.000133616 1400
3128 0.000210575 1741
3129 0.000432632 1398
3130 4.48736e-05 1609
3137 0.000130655 1259
3138 0.000164744 880
3139 3.90931e-05 1178
3140 0.000134958 1032
3141 0.00012871 1979
3142 0.00146336 1682
3143 3.5009e-05 893
3146 2.07196e-05 630
3147 4.2875e-05 1246
3148 2.14104e-05 1247
3151 0.00150498 1196
3152 3.62866e-05 1097
3155 0.0018809 1187
3156 0.000124989 1052
3158 0.000262168 1803
3163 0.00141789 1613
3165 0.000122654 1479
3167 0.000370949 1489
3169 0.000444917 1164
3170 0.000474739 1409
3173 2.12094e-05 913
3175 0.000395099 1036
3177 0.000536773 1037
3187 0.0002533 562
3189 0.000103092 443
3194 0.000222996 571
3200 1.9017e-05 614
3201 7.64262e-05 202
3204 9.95536e-05 931
3212 0.00118728 932
3216 0.000168882 905
3217 0.00216321 906
3218 0.000705462 1008
3220 0.000706378 733
3223 0.000677336 834
3225 3.06766e-05 833
3228 6.35911e-05 1102
3231 0.000606827 424
3232 0.000229326 1093
3233 0.00421432 321
3237 0.00023656 744
3239 6.54383e-05 836
3242 5.81499e-05 481
3243 0.000200237 308
3245 0.000725209 515
3248 4.50075e-05 516
3249 7.43018e-05 388
3251 0.000738752 387
3253 0.000195207 1082
3264 0.000155717 1814
3266 0.000290208 1308
3269 0.00107087 1873
3276 1.97633e-05 1167
3277 0.000300186 1674
3278 5.02354e-05 1756
3284 2.0324e-05 1544
3285 0.000429033 557
3286 0.000156218 1229
3289 0.000133616 332
3290 8.05148e-05 633
3291 0.000198723 680
3302 0.000132709 1106
3303 4.97856e-05 1678
3310 5.09771e-05 146
3311 4.2875e-05 452
3312 0.000566382 1720
3313 0.00022907 710
3314 2.69385e-05 1110
3319 0.000217469 454
3323 0.000118826 100
3329 2.53696e-05 958
3332 2.19197e-05 979
3338 0.000133616 1750
3339 0.000468908 790
3343 0.000220726 348
3345 4.50075e-05 1079
3346 7.84671e-05 1045
3350 3.54848e-05 76
3355 9.6507e-05 437
3362 0.00120992 957
3363 0.000382771 1473
3364 0.000133616 434
3367 0.000196026 251
3376 0.00376191 294
3382 4.53506e-05 1339
3384 2.96336e-05 1410
3385 0.000197118 1119
3386 0.000152167 1350
3389 0.00101682 1718
3390 2.93387e-05 777
3394 0.000133616 1982
3395 2.69385e-05 1014
3398 0.000549358 936
3404 2.3927e-05 1122
3415 0.001193 1512
3416 0.000915878 607
3417 0.00178712 2063
3418 0.00367993 1210
3419 0.00215085 1801
3420 0.000944574 1483
3421 0.0121465 390
3422 0.000915878 1951
3426 9.67963e-05 83
3427 3.2583e-05 2017
3429 0.00012221 125
3433 0.000135824 498
3435 0.000468744 1175
3441 2.57965e-05 924
3443 8.56017e-05 1685
3449 2.36719e-05 1020
3456 3.66994e-05 2039
3462 0.000249501 1055
3468 0.000432377 1675
3469 0.000217797 1727
3471 0.000955157 1962
3473 0.000174582 1226
3475 0.00316858 1830
3477 0.000156129 674
3478 0.000563037 1495
3479 3.61835e-05 1776
3482 0.000117061 1936
3483 0.000379572 1603
3485 0.000870743 254
3487 0.000131042 624
3489 0.000641064 735
3492 3.92022e-05 21
3493 5.80029e-05 383
3494 0.000102832 404
3496 0.000250322 518
3497 0.000187869 819
3499 6.3957e-05 154
3503 3.2583e-05 1695
3505 0.000102246 1464
3508 0.000156472 1031
3511 0.00056154 92
3513 0.00028823 416
3516 0.000281027 297
3517 0.000262676 1680
3518 0.00349733 521
3520 0.00103894 956
3521 0.000133616 120
3522 0.000133616 661
3523 0.000371781 628
3525 2.80693e-05 1701
3531 0.000626513 1540
3533 0.00026524 1717
3534 0.000700909 425
3537 0.000146337 268
3541 5.55263e-05 1281
3548 3.4599e-05 1784
3550 0.000805791 1942
3552 2.55156e-05 671
3554 5.97881e-05 1353
3565 0.000133616 929
3574 0.000173672 1360
3575 0.00174452 1908
3577 0.000303086 1529
3582 3.60293e-05 937
3584 0.000420476 1559
3586 0.000342912 767
3587 0.00051295 1371
3593 0.000153584 997
3595 0.00121885 901
3596 6.7334e-05 354
3598 0.000306535 455
3609 0.000884051 650
3610 0.000230452 1404
3611 0.000230452 152
3612 0.000435666 2067
3614 3.2016e-05 1017
3615 0.000296422 1422
3616 5.65882e-05 85
3620 0.000417542 570
3623 0.000105282 233
3630 4.13733e-05 1949
3632 0.000110063 816
3634 4.07238e-05 1443
3637 3.38853e-05 1702
3638 8.24319e-05 77
3639 0.000476685 217
3642 3.9382e-05 1279
3652 0.000258471 692
3653 0.000213674 990
3654 4.62167e-05 1425
3655 0.0031046 683
3656 0.00124538 356
3661 0.00019356 1408
3662 4.78173e-05 362
3663 0.000247417 1935
3673 6.15946e-05 263
3675 0.000143878 789
3676 4.61068e-05 1548
3680 2.9228e-05 284
3681 0.00124494 394
3683 0.000214227 1130
3690 0.000475066 1858
3692 0.00181946 820
3694 0.00329676 718
3696 0.000370722 868
3702 3.01337e-05 130
3703 0.000578738 1233
3704 0.000289821 147
3705 0.000132883 27
3706 4.09661e-05 1549
3711 0.000850951 30
3712 0.000101266 765
3717 6.22486e-05 1096
3723 0.000197106 1238
3724 5.74397e-05 1870
3725 7.60948e-05 685
3730 5.0874e-05 847
3732 5.77413e-05 1372
3734 0.000462133 1900
3735 0.000220656 252
3736 0.00303778 2051
3738 4.30758e-05 1311
3739 0.000180165 163
3745 6.14231e-05 267
3746 4.70677e-05 258
3747 6.96244e-05 235
3754 4.57033e-05 1855
3755 2.38202e-05 1650
3763 0.000438849 144
3764 2.56975e-05 739
3766 0.00226424 533
3767 0.000166396 821
3768 0.000367207 205
3773 2.99577e-05 275
3775 3.54869e-05 510
3777 0.000143085 554
3781 0.00024866 133
3782 0.000914997 1910
3784 3.18059e-05 1925
3785 0.000126006 230
3788 0.00021845 556
3789 3.31791e-05 1134
3792 0.000443168 1633
3793 5.726e-05 1050
3794 0.0018505 843
3795 2.28785e-05 1651
3806 2.96648e-05 1391
3811 0.0119042 1208
3814 6.67152e-05 482
3819 3.4843e-05 78
3820 0.000124516 1895
3829 0.000136394 497
3831 0.000206203 1804
3834 0.000109045 1184
3835 0.00267092 1824
3849 0.000162108 1369
3850 6.97933e-05 111
3858 0.000327288 1670
3860 3.14812e-05 1993
3861 9.24107e-05 1817
3863 0.000108837 352
3864 2.0324e-05 1057
3870 0.0014119 222
3872 2.94023e-05 223
3875 2.60534e-05 507
3876 0.000997197 1570
3878 2.8812e-05 1668
3880 2.87573e-05 325
3882 0.000765221 1665
3887 9.60228e-05 1359
3888 5.76433e-05 461
3889 0.000107616 48
3894 0.000102117 248
3898 5.47107e-05 882
3899 0.000503539 475
3900 0.000212046 292
3902 2.40973e-05 933
3904 0.0001685 839
3909 5.69876e-05 1903
3911 2.48872e-05 365
3912 0.000260269 45
3913 0.000472705 886
3918 0.000171258 1469
3920 0.000149142 1984
3924 0.000404365 1035
3927 0.000279595 243
3929 0.000502046 1916
3930 4.2875e-05 862
3936 0.0023229 149
3937 3.52536e-05 1791
3946 0.000135016 544
3948 9.68954e-05 826
3951 0.000253948 1440
3954 0.000201154 852
3955 0.000381109 1897
3958 0.000272944 1439
3959 0.000200408 1214
3962 0.00144508 415
3966 0.000133616 494
3969 4.2875e-05 1653
3970 0.000133616 764
3972 0.000489017 594
3978 2.48057e-05 652
3979 0.000964816 118
3987 0.000106601 1891
3996 0.000207146 411
4000 0.000133616 1418
4001 0.000133616 1284
4005 0.000103502 560
4006 0.000133616 1521
4008 0.000125509 844
4009 0.000188647 286
4012 0.000165835 697
4014 0.000135255 555
4016 0.00043197 382
4018 0.000156174 324
4020 0.000173283 738
4022 4.77379e-05 1806
4024 8.24927e-05 469
4026 0.000133616 970
4027 0.000133616 695
4029 5.1264e-05 379
4030 0.000106583 1941
4031 5.1264e-05 1165
4034 0.00103039 2
4036 0.000103621 2061
4040 4.74529e-05 1820
4042 0.000133616 1560
4043 0.000133616 705
4046 0.000352446 528
4048 6.07914e-05 1520
4051 4.02017e-05 969
4052 0.000145864 234
4053 0.000162108 869
4056 0.0005508 1886
4059 0.000751007 1042
4061 0.00123921 1182
4062 5.95732e-05 835
4063 0.000904877 2005
4065 8.58133e-05 899
4066 8.64533e-05 731
4069 0.000190956 1887
4076 5.47107e-05 1562
4078 0.000105967 1133
4080 5.10731e-05 1963
4087 3.35058e-05 103
4095 0.00117545 1315
4097 5.98389e-05 1710
4098 7.28042e-05 645
4099 6.07914e-05 1805
4101 5.52746e-05 2018
4102 0.000156845 109
4103 0.00137513 814
4105 0.000498007 450
4107 2.83528e-05 1527
4108 0.000368779 256
4109 4.65797e-05 889
4113 0.000619465 173
4119 5.83915e-05 1152
4120 0.00265346 569
4122 5.47107e-05 788
4130 0.00162596 536
4131 0.000281079 1800
4140 0.000635912 1829
4141 0.000113408 1898
4148 0.000970608 720
4153 0.000804277 1854
4157 0.000264375 875
4158 2.34192e-05 1561
4159 8.84139e-05 951
4161 0.000246071 1047
4162 0.000239057 1448
4163 0.00114462 1524
4166 0.00012646 8
4173 0.000575607 283
4174 2.45474e-05 1497
4175 1.82073e-05 1746
4183 0.000144149 1902
4184 0.000226238 1865
4186 0.000133616 1007
4188 4.70551e-05 312
4196 3.2583e-05 638
4199 0.000298303 175
4200 0.000121237 441
4208 0.000428984 989
4210 3.50787e-05 315
4211 0.000359943 1356
4212 0.000204201 1325
4213 0.000372753 191
4215 0.000133616 137
4217 0.00027547 972
4218 0.000177187 1997
4220 0.000771894 961
4221 2.69385e-05 1779
4231 6.69181e-05 809
4232 0.000116003 1058
4240 0.000775087 1269
4247 7.19719e-05 1589
4252 0.000673649 456
4254 2.14616e-05 1896
4255 0.000845226 859
4256 0.000491848 2010
4257 0.000136232 1494
4260 0.000861379 2004
4261 4.42075e-05 1348
4268 0.00109098 104
4272 6.00334e-05 1558
4284 0.000319735 1939
4289 0.000337237 1029
4290 5.47107e-05 841
4294 0.00369576 1147
4299 0.00027667 1742
4300 0.000122539 433
4301 6.3957e-05 1016
4302 0.000217442 1028
4303 0.000361141 503
4307 5.1264e-05 596
4308 0.000256051 1899
4311 2.73109e-05 1236
4312 0.000137404 1513
4313 7.88494e-05 444
4314 8.23931e-05 771
4319 0.000133616 1142
4320 0.000133616 825
4321 7.25938e-05 1955
4322 2.45474e-05 1639
4323 0.00157768 815
4326 7.47617e-05 1948
4329 4.8612e-05 877
4334 0.000108179 262
4336 3.17162e-05 699
4337 4.50075e-05 1003
4342 2.67131e-05 759
4343 4.88493e-05 1724
4344 4.74129e-05 1946
4346 0.000381109 228
4347 0.00187296 1312
4348 2.06224e-05 121
4351 0.000870707 741
4354 2.13202e-05 592
4357 0.00011204 1983
4364 0.000378355 1295
4366 0.000335342 1323
4368 3.06095e-05 2026
4369 0.000131535 2015
4371 0.00100814 1430
4372 0.000153828 1449
4375 4.58078e-05 1607
4382 0.000103116 1766
4385 0.000102499 849
4388 4.96154e-05 547
4389 0.000237863 632
4390 0.000330893 440
4403 0.000531958 879
4404 0.00194861 418
4405 4.51581e-05 1506
4414 4.40952e-05 1447
4417 0.000184411 181
4418 6.66051e-05 791
4422 0.000107823 1258
4425 7.91304e-05 1437
4426 7.34895e-05 41
4428 7.67057e-05 219
4429 0.000169121 1796
4430 0.000421752 174
4431 0.00270181 743
4436 0.00357017 1458
4441 5.42048e-05 1699
4442 0.0030767 884
4446 0.000134689 1148
4447 9.33863e-05 524
4449 0.000292824 934
4451 0.00141744 1232
4453 0.000348377 1751
4454 0.000546355 1317
4456 0.000133616 1087
4458 0.00027249 490
4464 0.000206358 1370
4466 5.28521e-05 359
4484 0.00019289 2031
4487 0.000163738 1314
4488 0.000187629 919
4490 0.000146336 551
4498 2.97931e-05 1343
4500 0.000520591 1866
4501 2.50495e-05 67
4503 4.97323e-05 314
4507 0.000133616 1378
4508 0.000380633 553
4509 6.7334e-05 973
4510 2.50495e-05 1277
4513 0.000483417 1703
4515 2.70624e-05 1938
4518 0.000369455 1597
4519 0.000408023 273
4521 0.000998246 1254
4522 0.000283161 79
4526 5.57115e-05 69
4527 0.000243691 1450
4528 0.000137884 1952
4537 0.00059276 1836
4539 3.59025e-05 1373
4541 0.000168289 676
4542 0.000115366 962
4548 0.00016793 949
4549 4.96154e-05 828
4551 2.48628e-05 866
4552 6.07914e-05 476
4555 2.3927e-05 988
4556 0.000133616 1442
4560 4.3704e-05 537
4561 0.000807634 1913
4573 0.0132237 1509
4575 0.000133616 1460
4577 0.000551659 664
4580 2.18706e-05 375
4584 0.000186809 310
4585 3.06169e-05 520
4587 0.000374327 611
4591 0.000774982 1719
4594 0.000220726 300
4595 0.00336812 47
4597 0.00131657 378
4598 0.00375934 1567
4599 0.000889301 148
4600 0.000299746 950
4605 4.89231e-05 1578
4606 0.00061359 658
4612 0.000200482 129
4617 0.000270079 298
4621 0.00180216 745
4622 1.82073e-05 2001
4630 0.00333214 1080
4637 9.95536e-05 1715
4642 0.000138972 207
4643 0.00221885 1657
4646 0.000387495 1832
4649 0.000308406 1516
4650 0.000585908 1686
4654 6.33394e-05 2066
4658 0.000185314 742
4659 0.000558347 2032
4660 0.000133616 1421
4662 0.000133616 1423
4673 0.000307682 238
4675 0.000231708 1444
4680 3.9605e-05 1169
4681 0.000192789 1316
4682 0.000196556 1880
4683 0.00266539 126
4686 0.000100273 1160
4688 9.72709e-05 1059
4696 2.47074e-05 94
4701 8.36045e-05 1737
4702 0.000859798 2034
4703 4.34624e-05 1072
4704 4.83846e-05 1168
4707 5.14805e-05 1586
4711 0.000191889 526
4713 0.000323122 1070
4714 0.000482226 1550
4716 0.0003362 1605
4719 0.00034775 2023
4722 3.2583e-05 141
4723 3.2583e-05 432
4727 9.2512e-05 646
4737 2.30164e-05 728
4742 3.71578e-05 1839
4743 9.30845e-05 1626
4744 3.23381e-05 1533
4745 9.58413e-05 3
4749 0.000260514 1528
4751 0.000686167 467
4755 0.000667724 1656
4757 0.000131758 190
4762 0.000117182 785
4764 0.000261369 150
4767 0.00131818 291
4770 0.000130655 1990
4774 0.000585341 339
4775 0.000112606 1293
4776 0.000166922 1417
4777 0.000133616 117
4784 3.60502e-05 113
4785 4.00374e-05 380
4789 0.000118734 1426
4790 5.1264e-05 370
4795 4.46351e-05 1534
4798 3.2583e-05 1324
4799 0.000336715 1480
4805 1.88741e-05 1013
4806 4.21708e-05 1456
4808 4.2875e-05 401
4810 0.00013824 721
4811 0.000394937 1289
4813 0.000113922 2024
4814 0.000303117 1297
4817 2.62115e-05 1547
4819 0.00173592 1326
4820 5.83915e-05 504
4832 2.3606e-05 1190
4837 0.000112077 1555
4844 0.000105967 1101
4854 5.65882e-05 1991
4857 0.000733131 1770
4858 2.40686e-05 1181
4860 4.2875e-05 1151
4861 2.12664e-05 1775
4863 0.000291853 1972
4869 2.06224e-05 1531
4871 7.60448e-05 445
4872 0.00274588 178
4874 0.000537381 1971
4875 0.000156449 871
4876 0.000366344 1105
4879 5.16654e-05 1687
4883 0.000285825 1728
4886 0.000111583 421
4889 0.000124372 1504
4900 5.43328e-05 1556
4907 0.000130255 156
4911 3.2583e-05 1610
4912 2.50495e-05 1655
4914 0.00049302 1321
4915 6.27197e-05 613
4919 0.000234699 740
4921 3.99681e-05 675
4922 0.000117182 944
4923 4.43156e-05 457
4933 0.000328594 1114
4941 3.77904e-05 829
4943 0.00015103 377
4946 0.00135136 867
4950 0.000361283 1170
4957 0.000133616 1399
4958 0.000133616 1387
4962 0.00178913 1706
4964 5.01055e-05 122
4970 0.000358627 1692
4971 0.000236443 1912
4972 0.000251867 1924
4977 0.000133616 272
4979 6.54383e-05 376
4984 3.18557e-05 568
4990 0.000346726 696
4993 2.12478e-05 1005
4994 7.17184e-05 12
4999 2.82073e-05 1819
5005 2.43576e-05 1691
5006 0.000320223 1965
5008 0.000127677 1987
5009 5.79605e-05 336
5010 0.000499196 629
5011 0.000990212 512
5012 0.000262166 1280
5013 0.000209811 115
5019 0.000131738 1010
5020 2.3927e-05 453
5023 0.00316978 538
5024 0.000464287 484
5027 0.000286828 818
5028 0.000309809 1309
5029 2.48872e-05 1282
5031 0.000207303 579
5032 2.48441e-05 549
5033 0.000336243 1065
5035 6.07914e-05 212
5037 0.000367902 1431
5038 0.000324622 525
5045 0.000155254 1684
5053 4.50075e-05 1917
5058 2.83528e-05 56
5063 0.000217351 57
5068 0.00013863 1726
5071 0.000413189 326
5079 4.50075e-05 1646
5080 0.000115846 1286
5082 0.000589354 232
5083 0.000593125 279
5087 6.80732e-05 689
5099 0.000155717 1026
5105 0.00118958 802
5113 0.00213771 2029
5117 0.000180342 1231
5120 0.000110063 1108
5121 0.000754975 151
5122 0.0023308 1894
5123 0.000286632 220
5124 3.2583e-05 963
5125 3.2583e-05 229
5127 0.000214391 1888
5128 8.70051e-05 43
5131 0.00150569 1730
5132 0.00017093 2000
5135 0.000154322 599
5136 0.000397758 618
5138 5.89269e-05 1033
5139 0.00017222 976
5140 0.000575343 1667
5144 0.002186 971
5150 7.39577e-05 2025
5151 0.000121539 136
5152 0.000313781 319
5157 0.000133616 1216
5160 9.65602e-05 975
5161 7.58854e-05 417
5163 8.13528e-05 530
5167 3.47887e-05 643
5168 0.00105219 1117
5169 0.000225538 803
5172 0.00074099 1225
5174 2.63809e-05 1683
5180 3.50787e-05 1263
5181 0.000207846 1601
5185 0.000133124 288
5189 1.98656e-05 713
5191 0.000133616 1334
5194 9.5425e-05 1183
5195 0.000495865 1389
5203 4.26043e-05 672
5204 7.93048e-05 414
5206 0.000257802 861
5208 0.000162464 1485
5209 0.000374582 1812
5212 9.64749e-05 1881
5214 2.60484e-05 198
5215 0.000245347 1112
5220 0.000350346 1349
5231 0.000532747 1807
5233 7.38845e-05 786
5234 0.000116744 1255
5235 0.00130334 608
5236 5.14655e-05 1283
5240 1.96849e-05 1445
5241 0.000211167 935
5244 2.26289e-05 1341
5247 5.47107e-05 887
5250 0.000169806 28
5251 0.000364893 597
5252 4.8996e-05 995
5255 0.000321261 53
5257 0.000603323 1074
5260 0.000297414 1075
5261 0.000940411 1237
5269 0.000194681 52
5275 0.00582351 1481
5276 0.000428984 1663
5281 0.000593436 1688
5282 0.000424561 850
5286 0.00106955 1664
5291 0.00274044 246
5293 0.000290516 1721
5294 0.000545568 2022
5297 0.00119467 1209
5298 7.36493e-05 1788
5302 0.000100311 1789
5303 2.78417e-05 1669
5304 0.000427286 374
5305 0.000103092 865
5307 0.000189983 1992
5310 2.88391e-05 160
5314 0.000257454 1275
5315 0.000148855 1743
5316 2.73607e-05 918
5317 0.000134401 550
5321 7.12602e-05 1338
5323 5.72429e-05 95
5326 0.00423297 805
5331 2.99577e-05 561
5338 2.88361e-05 838
5341 0.000102246 2042
5342 0.00219676 1530
5343 0.000447805 1973
5345 0.000132734 271
5348 0.000133616 355
5349 0.000133616 1358
5351 0.000327916 514
5360 0.000526186 727
5361 0.000224131 1067
5362 0.000444412 1141
5365 5.0874e-05 1617
5366 3.50787e-05 1543
5368 0.0024402 1305
5372 0.000133616 855
5373 0.000133616 2059
5374 0.000322473 15
5375 7.85334e-05 717
5378 7.71611e-05 723
5379 3.8722e-05 779
5381 0.000926945 1333
5382 0.000214791 1999
5384 8.26392e-05 1868
5386 0.00147944 1583
5388 0.000136811 1346
5394 3.90575e-05 1191
5395 9.6686e-05 1363
5396 6.7334e-05 459
5401 8.5933e-05 1195
5402 7.38482e-05 277
5404 6.41879e-05 798
5405 0.000101826 1298
5414 0.000494517 1860
5418 7.14715e-05 1869
5420 8.90664e-05 1366
5423 0.00112124 1054
5447 0.00112316 1367
5450 0.000718212 677
5454 0.0028782 703
5456 0.000108446 763
5459 0.000133616 1454
5464 9.95883e-05 1771
5470 0.00064064 1968
5477 4.2875e-05 1747
5478 5.47107e-05 756
5481 2.19197e-05 1249
5484 0.000293861 371
5485 8.73388e-05 1856
5490 4.00083e-05 796
5491 2.20416e-05 2045
5492 0.000225439 287
5495 0.00523222 19
5496 0.000596682 1863
5497 0.000341404 539
5501 0.00122466 896
5502 4.2875e-05 1518
5503 9.95883e-05 527
5504 0.00174311 598
5508 0.000216664 1592
5514 0.00151362 2055
5516 0.000256274 16
5517 0.000217182 1493
5518 0.00282652 780
5519 0.00036889 725
5520 0.000249601 626
5522 0.00023546 1197
5524 0.000103222 1173
5527 0.000115419 63
5529 0.00139223 1532
5532 5.64658e-05 760
5533 6.65289e-05 49
5535 0.000198723 1998
5536 8.05148e-05 458
5540 0.000109272 1811
5546 0.00109789 917
5550 0.000147617 1027
5555 0.000425175 1697
5556 6.24391e-05 1989
5558 0.000211167 1988
5559 6.32071e-05 1364
5568 0.000106111 1825
5572 0.00314677 313
5576 0.000120979 1213
5578 5.47107e-05 257
5579 0.000270901 1329
5582 0.000133616 1257
5585 6.34416e-05 1176
5587 0.000345395 176
5588 0.000521657 1585
5592 2.40686e-05 1590
5593 0.00186309 1722
5594 0.000661996 578
5598 2.3606e-05 2014
5602 0.000117182 438
5604 7.62544e-05 197
5609 0.000844155 1379
5612 4.21708e-05 1762
5613 0.000201695 1606
5617 0.000325009 1974
5618 2.83528e-05 44
5620 0.000626387 192
5624 0.000170509 303
5627 4.49079e-05 998
5629 4.50075e-05 1764
5630 3.17162e-05 2052
5631 2.48628e-05 1402
5638 0.000692977 101
5640 0.000142047 1652
5647 0.000225998 139
5650 0.000722131 1475
5651 0.000133616 1525
5652 0.000251197 9
5654 0.00369698 992
5659 0.000123973 1748
5661 6.18248e-05 167
5662 8.75662e-05 35
5667 0.000561146 947
5681 0.000206111 1376
5682 4.21708e-05 91
5683 2.60793e-05 1705
5689 2.62115e-05 1958
5691 4.79539e-05 649
5694 4.50597e-05 1199
5696 3.21632e-05 1608
5701 9.56353e-05 1757
5702 0.00465175 863
5704 0.000431063 1327
5706 0.000415778 808
5707 6.89159e-05 1215
5709 2.63913e-05 1700
5710 2.99577e-05 1961
5717 3.77904e-05 328
5718 5.21795e-05 2069
5721 0.000236549 1468
5724 0.000164095 1666
5725 6.6832e-05 429
5727 7.82624e-05 2020
5731 0.000361722 161
5732 0.000438607 1345
5734 0.000141415 127
5739 0.000292528 885
5740 6.70351e-05 170
5741 0.00109754 1048
5742 0.000249326 157
5743 0.00031684 772
5744 2.50402e-05 1835
5748 6.08031e-05 26
5749 0.000198364 398
5751 0.000119385 1076
5752 7.58467e-05 2071
5761 0.000394742 636
5763 2.29335e-05 1918
5776 1.96849e-05 1177
5784 3.2583e-05 1914
5791 4.96154e-05 910
5796 4.61603e-05 17
5797 3.70006e-05 74
5798 6.10045e-05 1615
5800 0.00147248 773
5802 0.000858575 940
5803 3.92022e-05 1499
5804 0.000184007 373
5805 5.76187e-05 797
5806 5.1264e-05 293
5807 0.000164432 462
5813 5.01055e-05 734
5814 0.000163295 1115
5819 0.00124252 2057
5821 0.000663634 164
5824 0.000355961 1539
5826 0.000117793 1707
5828 0.00197507 712
5829 0.000728372 714
5850 3.17162e-05 1745
5852 0.00036428 575
5862 0.000297829 1126
5866 2.76771e-05 488
5867 0.000154269 340
5876 0.000468025 487
5877 0.000626594 1113
5878 0.000155928 1537
5879 0.000247573 1709
5891 0.000101338 2058
5896 2.48441e-05 794
5897 0.000320408 1161
5900 0.000179026 1361
5902 2.70624e-05 75
5905 0.000382166 1815
5912 2.14104e-05 545
5920 2.04601e-05 1158
5926 2.99736e-05 184
5928 0.000190668 306
5933 7.95121e-05 609
5938 0.000225674 678
5939 0.000122393 1833
5944 0.000187742 2021
5954 0.000696165 180
5955 5.1264e-05 259
5956 0.000106583 1132
5960 0.00263851 134
5961 2.34192e-05 600
5963 0.000251579 1690
5965 2.24746e-05 509
5967 0.00234149 601
5969 0.00422389 1476
5971 0.001216 1631
