#PageRankData 0
# PageRank computation data result
# Copyright (C) 2012 Hitoshi Yamauchi
#
# result_index pagerank sorted_permulation_index
#
2 0.000147049 1480
4 0.000241597 915
6 4.37394e-05 1302
8 0.000313396 1137
10 0.00193633 1203
12 0.000495295 461
13 0.000448616 351
16 8.50003e-05 493
18 6.30298e-05 1799
19 0.00213968 523
23 0.000387361 1435
27 0.000146033 1028
28 0.000139741 921
29 0.000207544 810
30 0.000277369 1128
31 0.000404961 1795
34 0.000189194 164
35 0.000133037 298
38 5.80167e-05 739
39 0.000114408 926
40 0.00051875 1246
41 0.000376528 1792
42 0.000210864 313
44 5.66132e-05 1544
47 2.22722e-05 324
50 0.00024853 1484
51 0.00010822 1527
54 0.000363228 947
55 3.60395e-05 286
56 0.000101782 943
58 0.000106992 1232
61 0.00289773 483
62 0.00103948 372
67 0.000657487 67
68 0.000186163 82
73 0.000217745 68
76 0.000214109 1525
79 0.000154994 1568
80 0.00114947 1013
83 2.53966e-05 423
84 0.000487716 522
85 0.000125695 1722
87 2.44163e-05 1159
88 0.000142691 1605
89 0.000378347 962
90 0.000105197 646
91 4.11771e-05 142
94 0.000197732 1434
95 3.43319e-05 1752
96 4.38094e-05 1810
97 0.000504646 32
98 0.00282488 774
100 0.00171397 1694
102 0.000299937 677
104 0.000137212 1170
107 0.000115616 52
111 0.000500048 1483
117 7.03712e-05 1152
118 4.63691e-05 1279
119 3.19963e-05 517
121 7.37119e-05 472
123 0.000112877 659
126 0.000332754 698
127 0.00139409 1426
128 0.000150771 564
130 0.00205684 1521
132 0.00371263 879
133 0.00347132 1202
135 0.000688922 220
137 8.5595e-05 105
138 0.000378071 982
139 6.55888e-05 869
140 4.7795e-05 596
141 7.2755e-05 934
142 0.000405107 359
143 0.00122506 1311
144 0.000183016 703
147 0.000798694 898
148 6.27341e-05 1199
149 0.000422775 1496
151 0.000203268 1557
152 0.00362533 1438
156 0.000147697 608
157 6.93674e-05 327
160 6.62192e-05 866
161 0.000297889 1601
162 4.0848e-05 545
164 0.000107395 1392
167 0.000269563 251
169 0.00032848 987
170 0.00114984 346
171 0.000145697 1086
174 0.000980429 992
176 0.000107207 234
177 0.00176562 974
178 0.000115721 1146
186 2.60907e-05 1471
189 8.99754e-05 783
190 0.000157703 1472
193 0.000106992 1491
194 0.00176408 1379
195 5.58045e-05 1636
197 0.000385172 946
199 5.8035e-05 543
200 0.00266999 552
201 0.000534441 1359
203 3.87953e-05 979
205 2.53966e-05 10
207 0.000957795 878
213 0.000950016 315
214 7.61842e-05 808
215 0.000191136 704
218 0.000379284 66
219 0.000202739 1731
220 0.00015132 1109
224 0.000729054 988
226 2.04464e-05 1633
227 0.000474391 875
229 0.000119748 265
231 2.79897e-05 138
233 0.000168941 1463
234 1.61771e-05 1326
235 0.000270574 5
236 0.000243911 865
237 0.00123057 1081
239 0.000169002 679
240 0.00182199 710
241 1.92625e-05 127
242 0.00179606 1443
243 3.72148e-05 1804
244 9.6526e-05 326
246 0.000457598 1681
248 6.04723e-05 129
249 0.000815216 95
251 1.95795e-05 101
253 0.000988528 140
255 0.00105672 1187
257 0.00198717 152
258 3.66775e-05 247
260 0.00175761 1194
262 0.000379112 53
263 0.00303561 1553
264 0.000192376 1300
266 0.000169401 1660
268 0.00166971 1045
273 0.00162062 1237
276 0.00145984 1079
277 0.000287278 145
279 0.000707699 1632
282 0.000592595 579
283 0.000401097 825
288 0.00174362 1436
289 0.000430321 1425
291 3.21144e-05 1386
295 0.00013192 146
297 9.00334e-05 1794
298 6.03111e-05 1251
299 0.000517477 583
311 0.000419945 224
312 4.19853e-05 1071
313 2.89822e-05 1788
314 5.04591e-05 1252
316 0.000800804 1428
317 0.00537217 657
320 4.38094e-05 886
321 9.72784e-05 1476
322 0.000139787 856
323 2.51822e-05 1292
324 2.15709e-05 316
326 6.68617e-05 398
327 3.17685e-05 756
330 0.00108407 1049
331 0.000545597 553
333 0.000114582 889
334 0.000185372 1693
335 0.000378347 1025
338 5.23056e-05 1201
339 6.8069e-05 1549
341 0.000357449 1567
344 3.43647e-05 1125
346 0.000100325 1677
347 0.000106992 929
348 6.79216e-05 362
353 8.33464e-05 927
355 0.000245576 694
356 1.5118e-05 1396
361 2.64528e-05 1094
362 3.12309e-05 147
365 4.54919e-05 502
366 1.89273e-05 1805
367 0.000237978 1787
369 0.00011944 1102
370 0.000110097 260
373 0.000490941 782
374 0.000194063 64
376 7.01254e-05 1197
377 0.000392958 1011
379 0.000476166 1466
380 0.000180163 451
382 3.43319e-05 254
386 0.000106992 1699
387 0.000327774 1106
389 0.000414989 1076
390 0.00100764 1361
392 0.00071683 125
396 0.000449291 76
397 0.000112562 1508
407 8.53318e-05 424
411 3.50154e-05 232
416 0.000239944 1609
417 0.000739402 252
420 0.000931558 1243
421 2.60907e-05 542
422 0.00010177 1356
425 5.17954e-05 533
426 0.000459755 1772
427 0.000105112 1759
429 0.00105498 740
430 0.000525101 565
431 0.00267025 354
432 0.000853251 615
433 0.000481939 491
436 0.000834995 1487
437 0.00159973 1448
440 0.00030235 242
444 9.71715e-05 488
449 0.000127416 1537
450 0.000684478 369
452 1.6044e-05 91
454 0.0010385 39
455 0.000176413 1689
456 0.00120566 1162
457 0.000167464 337
458 0.00229745 1285
459 0.000108154 1673
460 3.46371e-05 446
462 0.000170031 300
463 0.00011376 1043
464 0.000329743 1665
465 0.000300689 1313
466 0.000108872 851
467 0.00115324 248
472 0.000105112 538
473 0.000538421 1070
474 0.000366073 320
475 6.44375e-05 1115
476 0.00171987 834
478 0.00110498 1072
480 0.000108898 807
485 9.56926e-05 1433
486 0.0023155 754
487 0.00120108 1226
488 0.00027777 833
489 0.00131733 172
491 0.000489902 137
492 0.000511759 218
494 0.000292347 1124
497 0.000164522 1575
498 1.65486e-05 1717
503 0.00141799 839
505 0.000173319 741
506 0.000145863 1526
508 6.49137e-05 33
509 7.07901e-05 1270
513 0.00199519 230
514 0.000127924 1655
515 9.64398e-05 1684
516 9.72954e-05 1734
517 0.000191544 426
519 5.34086e-05 441
528 0.000903677 1010
529 0.00035033 683
531 0.000137429 283
532 0.000195457 204
533 0.0001463 1002
534 0.000108511 136
538 0.000158948 1240
541 0.000134372 670
542 0.000226981 594
543 7.34074e-05 338
545 3.5364e-05 93
547 0.000556935 633
548 0.00101066 1547
549 6.11856e-05 1153
550 6.85223e-05 1229
551 0.00404681 1773
552 0.000349802 109
553 0.000287617 1178
554 0.000126189 422
558 7.24385e-05 110
559 8.26247e-05 370
560 0.00053512 1442
561 0.000254328 1725
566 4.83988e-05 1798
570 1.74833e-05 308
571 0.000169728 1126
572 7.3612e-05 855
573 0.00524083 212
574 0.000826394 1134
576 0.00113182 922
578 0.000176077 489
579 2.41512e-05 592
580 5.63837e-05 690
581 0.000346117 647
582 0.000508681 375
586 0.000447401 805
587 2.24763e-05 1419
588 0.000936201 651
590 0.000303528 271
591 6.12223e-05 876
599 0.000850598 971
601 0.000101544 1800
602 0.00443087 476
605 0.000318398 1181
607 0.00209422 1389
608 0.00153462 322
611 2.69273e-05 674
613 0.000366285 1796
614 1.79203e-05 1089
615 0.00110028 802
618 1.5118e-05 848
619 0.000879067 622
621 0.000471682 221
622 0.00432885 580
623 0.000103487 626
624 0.00180323 969
626 0.0023686 311
628 0.000402214 1222
629 0.000436001 1368
631 5.69112e-05 1164
634 0.000644569 478
635 0.000229806 1502
636 5.28021e-05 223
644 0.000197644 1216
646 0.000538166 1083
648 0.000343118 299
649 0.00114224 1393
650 0.000980692 134
651 7.55005e-05 854
653 0.000557792 445
654 0.000408606 1785
659 0.000527282 1096
662 0.000103933 163
663 0.000164524 559
665 0.000136782 78
666 0.00231198 395
667 0.000643178 791
668 0.000163562 1488
669 0.000648261 1301
670 9.32689e-05 1812
671 0.00714977 1709
672 0.000392305 1101
673 0.00049769 1400
674 0.00118009 948
675 0.000106992 960
676 6.37202e-05 1352
677 0.00061605 664
678 2.93928e-05 1017
679 0.00252777 1323
680 0.000443945 590
683 0.000292347 510
689 0.00148296 1784
690 0.000364993 435
691 3.60395e-05 1505
692 2.53966e-05 634
694 0.000335216 494
695 5.05911e-05 1077
700 0.000164537 1675
702 0.00115183 377
704 0.000946154 1325
707 0.000140469 438
708 0.0037804 211
711 0.000565075 1501
712 0.000233625 576
713 0.00091163 631
714 0.000233625 753
717 0.000743686 789
718 0.000144568 853
721 0.000333351 116
722 0.000634675 1414
724 9.7201e-05 1225
726 0.000219745 1185
727 0.000226969 606
729 2.65245e-05 637
731 0.000315546 1495
736 6.30298e-05 205
737 3.3253e-05 416
738 2.80066e-05 981
739 3.08592e-05 149
742 0.000321121 798
744 6.65575e-05 1044
746 0.000164607 841
750 0.00045975 816
751 0.000338708 716
757 0.000795844 1143
758 0.000230602 69
759 4.61197e-05 603
760 0.0015302 228
763 0.000387219 406
764 4.56138e-05 964
767 2.53966e-05 1430
768 2.15428e-05 978
769 0.000225592 1242
771 8.68804e-05 1427
773 1.59868e-05 817
775 0.000683234 1536
781 5.78189e-05 983
786 0.000218681 34
789 0.00055916 1189
790 8.5929e-05 691
791 5.98389e-05 1188
794 0.000166709 747
795 6.68789e-05 349
796 0.000106992 744
798 0.000114369 427
799 0.000711589 1713
800 0.000221246 331
803 2.05152e-05 499
809 0.0006149 347
813 0.000348707 1724
814 4.58993e-05 885
815 0.000954084 730
819 0.003393 380
821 0.00121328 1280
823 0.000157529 788
825 0.00103008 1550
826 0.000646279 440
828 8.66666e-05 1303
830 0.000498747 1268
831 0.000135773 1637
832 0.000383726 712
833 0.000245208 357
838 0.000269415 419
841 0.000483208 822
842 0.000756834 1622
843 0.000106992 629
846 0.000106992 573
848 0.000742726 1357
850 0.000183354 701
851 0.000628648 1204
853 0.00103008 568
855 0.00019415 1691
856 2.1108e-05 597
857 0.000179181 1136
858 0.000812771 1803
861 0.00113366 1208
865 4.02645e-05 796
866 8.28733e-05 541
867 0.000360047 627
869 6.34013e-05 150
870 0.00132341 1084
871 0.000296344 912
872 9.98562e-05 1760
873 5.8035e-05 1182
875 5.13344e-05 1286
877 2.76702e-05 1529
879 8.29448e-05 1261
880 4.77611e-05 797
882 6.12223e-05 574
887 0.000351417 1167
888 0.0071804 972
889 0.000121225 1708
891 0.000404058 1733
892 3.60395e-05 1248
894 2.53966e-05 373
895 0.000240021 1158
896 0.000378347 409
898 1.59868e-05 340
899 2.19089e-05 282
900 3.30067e-05 1312
902 0.000343758 1720
903 0.00279767 1452
905 0.000287683 1014
908 0.00011698 585
909 0.000297889 173
911 0.000894072 1037
912 0.000106992 671
913 0.000839585 662
914 0.000248358 1503
917 0.000171675 244
919 0.000115899 335
920 0.000109687 743
921 0.00380017 954
924 3.12693e-05 1172
928 0.000173312 877
929 0.000438783 292
933 0.000242943 106
934 0.00115262 1751
937 0.00092331 1347
939 2.87763e-05 1584
942 0.00117618 342
943 2.58688e-05 219
945 0.00712688 1097
946 0.000750408 1234
947 0.000151826 1166
948 3.74289e-05 1099
951 0.000241884 21
953 0.000179646 158
955 0.000643941 1250
958 1.6555e-05 1041
959 4.5311e-05 1157
960 0.00145984 643
961 1.67536e-05 1755
962 2.58004e-05 1336
966 0.000379858 256
967 0.000252793 1239
972 6.89077e-05 1444
973 0.000392908 305
974 7.32055e-05 1091
975 0.000761648 1697
976 0.000117724 635
977 0.000289782 51
979 0.000406742 1460
985 0.000218681 1518
988 3.17816e-05 57
989 0.000150949 429
990 0.00280073 1645
991 0.000494712 353
998 1.81683e-05 1321
1002 0.000274704 6
1005 9.4776e-05 518
1007 0.00331776 1439
1008 0.0069329 1048
1009 0.00016006 194
1010 0.0001374 255
1014 0.000141727 818
1018 0.000114408 1332
1019 3.23071e-05 41
1020 0.000139763 1350
1021 0.000209887 540
1023 2.96778e-05 1317
1024 6.29846e-05 434
1025 0.00119225 973
1026 3.25251e-05 222
1028 5.96209e-05 1563
1029 1.70047e-05 1461
1033 0.000221501 1308
1035 0.0011042 644
1036 8.54975e-05 198
1037 0.000487329 1130
1039 0.000595133 118
1043 0.00119397 323
1045 0.00216841 1432
1047 0.00013101 1260
1049 0.00233279 820
1051 0.000154275 991
1052 0.000190744 1602
1057 0.000129339 998
1069 0.000403661 1374
1071 4.38094e-05 216
1072 2.14188e-05 393
1073 0.00216841 801
1074 0.00150218 132
1075 0.000412848 1062
1076 0.000246928 599
1078 0.000223451 206
1083 0.000313287 7
1087 9.93337e-05 1348
1089 0.000799717 306
1090 4.60127e-05 1095
1094 0.000202422 360
1096 0.000221189 1135
1098 3.08636e-05 1409
1100 0.0027183 1623
1101 0.00118052 1701
1102 5.32606e-05 486
1105 0.000217964 1674
1106 0.000604122 329
1107 2.94493e-05 705
1108 0.000262854 719
1109 9.74011e-05 153
1111 0.000208767 649
1112 0.000611386 80
1115 0.000574377 1719
1116 3.19331e-05 159
1117 0.00073242 1738
1121 6.70192e-05 630
1122 0.000153294 1050
1123 0.00165608 203
1124 0.000852872 1683
1125 0.000199891 554
1126 0.000158151 955
1128 0.00160778 341
1129 0.00029267 785
1132 0.000546128 513
1133 9.0337e-05 1269
1134 9.09961e-05 1042
1135 0.00010528 75
1139 7.34173e-05 16
1140 0.000765031 463
1142 0.000106992 1754
1143 0.000922069 549
1144 0.000229713 930
1149 0.000980864 328
1150 0.000282109 151
1153 0.00254536 767
1154 0.000603538 1644
1155 0.000280936 837
1157 0.000449493 197
1158 0.000304581 508
1159 0.000106992 352
1160 0.000106992 697
1162 0.000684595 857
1163 2.53966e-05 775
1164 3.60395e-05 1469
1165 0.000718239 11
1167 5.41579e-05 1685
1168 0.00239077 399
1174 0.00011928 103
1175 6.94345e-05 431
1176 0.00031647 505
1177 8.26292e-05 113
1178 7.26592e-05 141
1179 0.000184917 45
1180 0.00117742 176
1181 0.000202636 467
1183 0.000309889 71
1184 1.5118e-05 22
1188 8.50773e-05 831
1189 0.000109653 1322
1190 5.89359e-05 1422
1191 0.000853455 700
1192 0.00021459 1163
1193 3.53024e-05 1287
1195 0.00011554 1266
1196 0.000852474 645
1197 0.000592902 318
1198 0.000343098 245
1199 0.000611708 363
1203 0.000417684 1039
1204 0.000732319 28
1206 0.000319671 781
1207 0.000979134 449
1208 0.000755373 1497
1210 0.000505716 179
1211 5.08637e-05 1695
1212 0.000717858 790
1213 2.12987e-05 1277
1214 2.39885e-05 725
1216 6.93892e-05 752
1217 1.75932e-05 1465
1219 0.000322162 1659
1220 0.000514199 737
1221 0.000476642 460
1223 0.000369356 1672
1224 0.00308777 1282
1225 0.000917565 272
1227 0.000113571 1702
1228 0.00042655 287
1229 0.00019862 1450
1230 0.000907613 1440
1231 2.1108e-05 765
1232 0.000154275 420
1233 0.000170744 1353
1234 0.000170744 304
1235 0.000105264 1031
1238 0.00156445 1035
1239 0.00012687 471
1245 0.00278974 1762
1246 4.04949e-05 336
1247 0.000106992 628
1251 0.000541925 1296
1252 4.21939e-05 958
1253 0.000770971 686
1254 0.000203268 1330
1255 0.000108553 394
1256 0.000260729 1564
1257 0.00022163 366
1259 0.000109432 379
1261 0.000981359 760
1263 0.000543933 868
1264 0.000113541 63
1265 0.000103701 1241
1268 0.000877233 239
1270 0.000106992 1661
1271 7.26479e-05 1578
1276 0.00283855 90
1277 8.39009e-05 1026
1278 0.00192887 202
1279 3.82095e-05 1667
1282 6.92932e-05 1735
1284 0.000141986 1346
1287 0.00102197 1492
1288 0.000262466 642
1289 0.000258091 390
1290 0.000341594 966
1291 2.30272e-05 632
1292 1.95042e-05 314
1293 5.80558e-05 1007
1295 0.000921373 611
1301 0.000653849 1355
1309 0.000110222 746
1310 9.73508e-05 385
1311 0.0014781 1464
1312 2.5196e-05 4
1313 0.000258016 557
1315 0.000390152 1306
1316 0.00277417 1539
1318 0.000141986 1056
1319 0.00037293 1264
1322 0.000606792 617
1324 0.000144624 1161
1325 0.0024687 1642
1326 0.0020729 1274
1327 0.000434608 731
1330 0.000294387 728
1332 0.000251216 600
1335 4.23593e-05 309
1336 1.65486e-05 225
1337 0.00191849 1625
1338 3.79239e-05 1385
1342 0.000618176 1515
1345 0.000251142 1087
1348 0.000175792 240
1349 4.25396e-05 1777
1350 0.000691097 1006
1352 4.27753e-05 54
1355 5.81234e-05 1257
1356 0.000433269 847
1357 0.000132657 86
1358 0.000159541 475
1361 0.000144296 764
1363 1.65486e-05 806
1364 0.000282865 904
1367 0.00035479 1113
1368 7.87129e-05 452
1369 0.000130578 1328
1375 0.000306738 832
1376 7.3831e-05 835
1382 0.000637582 706
1383 0.000307095 1291
1387 3.60395e-05 584
1388 5.24405e-05 257
1390 5.93956e-05 361
1392 0.000106992 1249
1394 0.00017378 903
1400 0.000351734 1369
1405 4.81245e-05 996
1413 0.00489871 512
1414 0.00118802 761
1415 0.00104702 937
1417 8.60254e-05 1514
1418 0.000537427 473
1425 0.000647419 288
1426 0.000109705 148
1427 0.000315889 910
1430 0.000650132 1200
1433 5.39131e-05 1272
1436 0.000125075 724
1437 0.00025201 1371
1438 0.000100258 595
1442 0.000354288 1643
1443 0.000731714 598
1445 0.0010881 1453
1447 0.000262986 253
1449 0.00152099 15
1451 1.97156e-05 1033
1453 2.83745e-05 984
1454 8.64264e-05 520
1457 0.000333189 1802
1459 0.000288975 123
1461 2.50221e-05 89
1462 2.60907e-05 433
1463 0.000297889 1541
1464 0.000348815 1612
1469 1.95831e-05 1581
1470 0.000398429 1649
1472 4.45713e-05 755
1473 0.000204947 570
1474 3.43319e-05 1726
1476 9.25973e-05 684
1478 0.000126736 667
1479 0.000106992 1142
1480 0.00289404 977
1482 0.000388715 1489
1484 0.000111012 1173
1491 6.46278e-05 1770
1494 3.37823e-05 685
1496 8.2209e-05 1679
1497 8.2209e-05 696
1498 0.000360962 1475
1499 0.00139592 1763
1500 0.00225302 809
1501 9.7588e-05 293
1502 0.000408054 1363
1503 7.2192e-05 1082
1504 0.00023424 881
1505 0.000632484 506
1507 0.000730236 750
1509 0.000356089 707
1512 0.000795734 713
1514 2.63585e-05 1060
1516 2.60521e-05 1015
1517 0.000105929 893
1518 9.95091e-05 26
1519 0.000596511 916
1520 0.00057531 479
1521 0.000702358 862
1526 1.72086e-05 555
1527 9.67791e-05 1705
1530 0.00045798 185
1531 0.000862897 1341
1536 5.20995e-05 1205
1540 6.77819e-05 846
1541 0.00090779 432
1544 0.000297889 850
1545 0.00109136 1299
1546 0.00208266 1756
1547 0.000256236 124
1550 0.00613875 487
1553 0.000106992 497
1554 0.000106992 2
1555 4.9675e-05 466
1556 4.58958e-05 210
1557 0.000204667 191
1560 0.000694048 1634
1562 0.000664142 1215
1564 0.000489623 787
1565 5.37903e-05 1169
1566 0.00046553 374
1567 9.80019e-05 376
1568 0.000614089 1412
1569 8.81252e-05 1520
1570 0.000104642 909
1573 0.00164797 396
1576 0.000150044 1538
1577 6.29846e-05 332
1579 6.73646e-05 593
1580 0.000131473 908
1583 0.000147096 1410
1584 0.000375171 1339
1585 0.000294756 279
1588 0.00108452 383
1589 0.00109917 1736
1590 0.00029465 1517
1591 1.83858e-05 403
1593 0.000396169 1507
1595 4.36228e-05 1191
1597 0.00104732 556
1598 1.86965e-05 668
1599 0.00069846 1320
1601 0.000161997 537
1604 2.37927e-05 417
1605 6.0499e-05 562
1606 2.20179e-05 382
1607 0.000245423 961
1608 0.000297971 1478
1611 0.000860201 1590
1612 0.000159151 408
1614 0.000245194 514
1615 0.00110797 1470
1616 0.000189417 1394
1617 0.000729922 1490
1619 0.00081323 567
1621 0.000933939 1349
1622 0.00153911 36
1625 0.000389813 1207
1626 0.000114408 970
1627 0.000121418 623
1628 0.000213718 1552
1629 9.709e-05 37
1630 0.000248076 860
1631 5.9251e-05 1765
1636 0.00017429 1570
1638 0.00192976 23
1639 0.00235709 1018
1641 0.000148844 530
1642 0.000332884 572
1648 0.00259011 14
1649 8.40748e-05 880
1653 9.45084e-05 1650
1657 2.30272e-05 1421
1662 3.17816e-05 769
1665 0.000182954 1775
1666 0.00201315 815
1667 0.000901776 81
1668 0.000535167 665
1669 0.00210958 1151
1670 0.00271441 114
1671 0.000205928 616
1676 0.000253082 561
1677 7.68993e-05 1214
1680 0.000150771 581
1684 9.0784e-05 650
1687 0.000641541 48
1688 0.00155453 334
1689 3.52207e-05 1005
1694 0.000108957 274
1696 0.0014996 918
1698 3.1391e-05 1053
1699 4.47153e-05 1295
1703 0.000114409 442
1704 0.0002501 195
1705 1.83198e-05 1573
1706 6.25461e-05 1156
1708 7.98305e-05 143
1713 0.000187814 269
1715 0.00246383 1656
1716 0.000106992 112
1717 0.000106992 1545
1719 8.47348e-05 1712
1720 0.000152176 547
1721 0.000291466 1399
1722 0.000297756 1275
1723 0.000105713 1382
1724 4.2053e-05 1513
1725 2.73056e-05 852
1727 0.000228893 17
1728 0.000231781 1776
1729 0.000287022 1029
1731 5.80374e-05 897
1732 0.000581859 1446
1733 0.000146629 1154
1734 0.000119691 1566
1737 0.00998028 1221
1740 0.000248471 35
1741 0.000106992 1571
1742 0.000195088 1742
1743 1.65486e-05 175
1748 1.95042e-05 614
1750 0.00625642 1343
1754 0.00092819 1404
1755 2.23717e-05 439
1757 6.49137e-05 77
1760 4.41918e-05 874
1764 0.0048536 1111
1765 0.00148258 1774
1767 8.48779e-05 1314
1769 0.00148556 199
1770 0.000403443 498
1775 1.87528e-05 444
1777 0.000100086 1051
1778 4.14523e-05 1647
1781 0.00254448 1565
1783 8.8427e-05 1758
1784 9.84007e-05 1441
1785 0.000288558 1105
1786 5.00726e-05 231
1788 3.83623e-05 1256
1789 7.7874e-05 1220
1790 0.000121995 301
1792 4.73264e-05 1613
1796 0.00400909 714
1797 0.000131352 980
1798 0.000115012 864
1800 0.00216841 1067
1801 0.00405098 736
1802 0.000774476 261
1803 6.40912e-05 485
1804 9.35068e-05 1648
1805 5.2409e-05 480
1807 4.14523e-05 1327
1808 0.000149132 1506
1810 0.000536881 1554
1812 0.000412516 1807
1813 3.97294e-05 1376
1815 0.00013323 654
1816 0.000341858 655
1819 3.06197e-05 237
1823 0.000772383 1596
1827 0.000219438 296
1828 0.00310638 144
1829 0.000135633 1085
1830 0.000681124 1757
1831 3.89345e-05 1523
1832 0.000321055 126
1834 0.000150913 121
1835 4.78285e-05 1342
1836 0.000851906 1219
1839 0.000214645 233
1840 0.00089838 1663
1843 0.00057093 412
1845 0.000482382 1509
1846 0.00229666 1543
1847 6.70263e-05 1727
1848 2.6953e-05 392
1849 0.000259279 368
1850 0.000675209 344
1851 0.00216335 258
1852 0.000175283 1761
1853 0.000709555 348
1854 0.00259185 1415
1856 0.000660259 1413
1860 0.000275114 842
1861 2.19542e-05 1364
1864 2.32865e-05 1793
1865 0.00231219 524
1867 0.00203475 721
1869 2.30272e-05 849
1870 0.000131493 277
1871 0.000465495 582
1872 0.00229781 99
1873 1.95042e-05 425
1874 4.52558e-05 1210
1875 3.6101e-05 1144
1876 0.000290293 38
1877 4.83356e-05 1531
1878 0.000461175 1808
1879 4.82869e-05 546
1880 8.9564e-05 653
1881 2.01241e-05 1766
1883 0.00100648 1586
1885 2.19089e-05 1783
1886 3.1391e-05 578
1889 0.000196335 902
1890 0.000299978 1468
1893 0.000317673 495
1896 6.26423e-05 1627
1897 3.56866e-05 1618
1898 0.00103008 115
1900 0.00136359 516
1901 2.00508e-05 967
1902 0.00341992 65
1904 0.00055277 883
1907 0.000250487 1809
1908 8.2375e-05 1263
1910 0.00076704 826
1914 0.000210654 1593
1915 2.58433e-05 1233
1916 2.11068e-05 1354
1917 3.01071e-05 953
1919 4.78285e-05 867
1921 5.04419e-05 1559
1922 0.000135814 1449
1924 0.00149375 1678
1926 0.000327952 83
1928 9.06518e-05 1801
1929 0.00650102 830
1932 0.000188812 1
1934 0.00010101 1583
1935 0.000345832 1745
1938 2.21722e-05 913
1946 0.000276812 275
1950 6.44332e-05 12
1952 0.00034499 262
1953 2.97198e-05 92
1954 0.000544673 702
1955 2.83486e-05 378
1956 0.000363236 722
1957 6.55888e-05 1196
1958 0.000515698 1569
1963 0.000405663 44
1964 0.00112232 682
1965 0.000700669 699
1967 0.001698 1276
1968 0.000140458 526
1969 9.27049e-05 1075
1970 0.000491866 371
1971 0.00151754 1046
1972 0.000417316 1603
1973 0.000179181 167
1974 8.68804e-05 529
1977 0.000194835 13
1978 1.69285e-05 1192
1979 1.69285e-05 1474
1980 0.00031255 1319
1981 1.99088e-05 1395
1982 3.57604e-05 273
1984 5.6336e-05 525
1985 0.000250494 55
1986 9.34773e-05 345
1987 0.000453287 1069
1988 8.05528e-05 1024
1991 4.26345e-05 430
1992 7.4816e-05 963
1993 0.000113326 1253
1994 0.000174109 1477
1996 0.000131352 278
1997 0.000136602 957
1998 0.00110111 1576
2000 0.00159649 1175
2001 0.00109429 18
2004 0.000110532 720
2005 1.84551e-05 1548
2006 0.000141582 155
2010 0.00124849 990
2011 0.000750402 1749
2013 1.89982e-05 829
2014 0.00167173 944
2019 0.000129168 1068
2022 0.00192936 1555
2023 0.000253201 544
2024 0.000826507 727
2025 0.000590105 1383
2026 0.000169263 1606
2027 0.00229888 1561
2029 0.000300754 548
2031 3.77007e-05 1080
2032 0.000871621 1340
2034 3.43864e-05 266
2039 0.000507564 1486
2040 2.66699e-05 227
2041 3.14873e-05 658
2044 0.00146643 1259
2045 0.000445997 772
2046 0.000800882 1624
2047 0.000523643 1638
2048 8.14122e-05 1362
2050 0.000521537 289
2051 1.70679e-05 42
2055 0.000778191 1741
2058 0.00143168 749
2059 0.000105197 1360
2060 3.34969e-05 1806
2067 0.00017685 1669
2069 0.00126501 1459
2075 3.30067e-05 1482
2078 1.65486e-05 941
2087 0.00203684 859
2089 6.20077e-05 462
2095 0.00018293 1402
2096 0.000106992 1747
2099 0.000296817 1771
2103 2.60907e-05 119
2104 0.00109992 914
2107 8.76796e-05 1408
2108 5.10084e-05 192
2109 0.000116717 609
2110 7.88432e-05 1668
2112 7.15139e-05 1424
2113 6.772e-05 1595
2114 7.32427e-05 511
2115 2.93399e-05 1585
2119 0.00105171 1512
2121 0.00149041 474
2122 0.000934366 1118
2123 6.54453e-05 481
2126 0.00564999 1186
2128 0.000106992 96
2130 0.000474651 56
2131 0.000107586 1293
2132 8.43113e-05 625
2133 6.39953e-05 1532
2135 0.000930472 1174
2136 0.000443386 945
2139 0.000600447 174
2140 0.00807554 892
2143 5.23964e-05 20
2145 5.39396e-05 527
2150 4.43299e-05 858
2151 9.99899e-05 415
2152 0.000260422 238
2153 0.000691043 648
2154 0.000156428 672
2156 6.23607e-05 1715
2158 0.0022769 1066
2164 2.53966e-05 62
2165 0.00010281 1481
2166 5.59739e-05 1591
2167 0.000106992 207
2168 0.000203268 1524
2169 0.00281936 776
2170 0.000969275 1387
2171 0.000186819 1073
2172 0.000108887 1607
2175 0.000192698 1445
2176 0.00051445 692
2177 0.000564175 193
2180 0.00320285 745
2181 6.43166e-05 1206
2182 0.000307994 482
2188 0.0011435 620
2189 0.000372445 669
2191 0.000844935 888
2195 2.99512e-05 249
2197 0.000522395 1155
2198 0.000571941 241
2199 5.15841e-05 666
2200 0.000234154 1294
2204 0.00283361 1405
2205 3.92837e-05 276
2206 0.000536198 27
2209 0.000259164 235
2210 0.000115237 1131
2211 0.000133184 88
2215 6.49137e-05 94
2216 2.44163e-05 1344
2219 0.000955036 1769
2221 2.0122e-05 1768
2223 8.42482e-05 1372
2225 0.000884284 1373
2228 0.000579725 1437
2229 5.28021e-05 1112
2232 0.000106992 1447
2233 0.000718607 917
2234 0.000115727 1610
2235 0.00175334 1721
2238 0.000653135 591
2240 0.000655198 355
2241 8.51585e-05 1534
2242 0.000224289 900
2243 0.000139482 899
2245 5.54139e-05 182
2247 0.00171759 1184
2248 4.38094e-05 811
2249 0.000144296 812
2251 0.00138467 414
2253 5.96624e-05 735
2256 0.00245038 661
2257 0.000284989 1129
2260 0.00149375 1150
2262 0.00268711 602
2263 0.00727994 601
2264 0.000604436 100
2265 0.000245485 675
2267 0.000109705 31
2270 0.000215537 477
2271 0.000597121 773
2272 4.45355e-05 201
2274 0.000157487 436
2276 9.40484e-05 437
2277 3.43319e-05 1238
2278 2.92275e-05 794
2279 0.000202381 1281
2280 0.000234686 905
2281 0.000832399 588
2284 4.38094e-05 656
2285 2.00508e-05 46
2288 0.000167745 1103
2290 0.000176165 1236
2291 0.000186541 217
2292 0.000850439 243
2293 2.44641e-05 1600
2295 5.68088e-05 824
2298 0.000721222 343
2299 0.00108684 673
2300 5.84654e-05 325
2302 5.69112e-05 1148
2305 0.000967493 1558
2311 6.93864e-05 30
2320 4.15681e-05 1365
2325 0.00387834 214
2327 0.000149331 312
2328 0.00052267 1692
2329 3.1532e-05 1589
2331 0.000105197 1813
2332 0.00167398 1030
2333 0.000106854 181
2334 0.000511166 751
2336 0.00098216 932
2337 0.000332278 1141
2339 0.00067433 1324
2340 0.00119671 453
2341 4.71265e-05 795
2342 3.73115e-05 558
2349 0.00464576 1664
2350 5.16564e-05 1310
2351 0.000565713 936
2352 0.000292079 1753
2353 0.0005173 821
2358 0.00161247 1473
2364 0.00157534 784
2366 0.000134877 1258
2367 2.60521e-05 571
2368 4.41309e-05 693
2369 0.00017629 268
2374 0.000297998 166
2376 9.75651e-05 381
2378 0.000126755 226
2379 0.000468039 861
2380 0.000576745 800
2381 8.33344e-05 131
2382 0.000150257 267
2383 0.000311714 250
2385 7.02091e-05 521
2386 0.000370923 1729
2387 3.51852e-05 1657
2390 0.000621503 871
2391 0.00040628 1737
2393 0.00103928 1211
2396 8.25233e-05 1551
2397 0.000283697 950
2398 2.04464e-05 1061
2399 0.000307935 350
2404 0.00019015 1047
2407 0.000141977 771
2408 0.00035518 587
2409 4.30853e-05 884
2412 0.00280609 1516
2413 0.000633626 1027
2416 0.00010572 586
2419 0.0003505 1528
2420 2.43888e-05 156
2421 3.17511e-05 98
2422 0.00114063 1000
2423 0.000579592 1704
2424 0.000370993 1458
2426 1.6029e-05 935
2427 1.5118e-05 823
2432 2.34095e-05 1116
2436 0.000293414 1467
2440 0.00153639 404
2443 0.000115616 1052
2445 0.000108553 1384
2449 0.000194509 428
2450 0.00034214 759
2452 4.48513e-05 742
2453 6.19402e-05 410
2454 0.000244617 1535
2457 0.00170305 70
2459 0.000787977 539
2467 0.0088597 208
2468 0.000622086 1190
2469 4.64432e-05 619
2471 3.41324e-05 8
2473 0.00031319 1767
2474 2.15085e-05 1500
2475 0.000477328 928
2477 3.45876e-05 901
2480 9.85988e-05 1132
2481 0.0025159 1180
2482 0.000556617 870
2484 0.00110842 1345
2485 0.000180876 678
2486 7.62706e-05 1597
2487 3.81684e-05 184
2488 0.000483491 1262
2489 7.85671e-05 457
2490 0.000138697 448
2491 0.000221503 612
2492 0.000496848 291
2497 0.00037465 1271
2500 0.000765056 1707
2502 9.98914e-05 1016
2504 0.000742927 1598
2505 0.00195103 779
2506 0.000171509 780
2510 0.000295184 1416
2511 3.61706e-05 1098
2513 0.000340272 1670
2515 7.42579e-05 1063
2516 0.000488787 1592
2517 3.60395e-05 1640
2519 2.91318e-05 896
2520 2.91318e-05 1119
2521 0.000511831 726
2522 2.67543e-05 1318
2524 6.85223e-05 940
2525 0.000226986 1690
2526 0.000128137 882
2527 0.000245551 1388
2528 0.000168239 1315
2529 0.00018449 111
2531 0.000107149 1714
2532 8.39692e-05 339
2533 0.000325857 1635
2534 0.000528725 1646
2536 0.000448493 1814
2537 0.000217964 1423
2540 0.000487649 1811
2542 2.25547e-05 1390
2546 0.000771781 1065
2547 0.000346191 1608
2548 0.000149261 1696
2549 0.00031616 1331
2552 0.00119279 729
2553 0.000609984 61
2554 6.40912e-05 297
2555 0.00216841 589
2556 0.000124277 280
2557 0.00123423 1122
2558 0.000126214 509
2559 0.000254089 1560
2560 0.000161699 74
2561 0.000101773 613
2562 5.61523e-05 676
2564 2.19683e-05 290
2565 0.000846121 1616
2567 0.000291431 786
2568 2.42724e-05 1791
2569 0.000282511 1420
2571 0.000106992 1120
2572 0.000106992 264
2574 0.000460866 58
2575 6.51064e-05 1265
2576 0.000170812 196
2578 3.52212e-05 1654
2579 4.2831e-05 610
2581 0.0021831 640
2584 4.78285e-05 1230
2585 4.74806e-05 84
2588 0.000189545 681
2590 0.000130125 507
2595 8.67838e-05 285
2596 0.000301743 1338
2600 0.00163448 1617
2602 0.000110605 178
2603 7.67958e-05 1391
2605 0.000881518 183
2607 7.50711e-05 804
2609 6.8069e-05 1121
2611 0.00232874 828
2612 0.000825657 975
2613 0.000218435 577
2614 0.000138054 413
2615 0.00146887 170
2617 2.53966e-05 1588
2618 3.60395e-05 391
2621 0.000190416 85
2624 0.000776308 72
2628 4.581e-05 1040
2630 0.00012107 1127
2631 3.43319e-05 1375
2632 0.000184177 1781
2634 0.000108553 263
2635 4.38094e-05 924
2636 3.43319e-05 1176
2637 0.000119601 1658
2639 0.000443199 1574
2641 0.000227137 777
2644 5.73825e-05 246
2647 0.000233334 1034
2648 0.0001624 1160
2650 0.000722965 949
2651 0.000162671 1358
2652 8.16656e-05 1133
2653 2.304e-05 356
2654 4.40966e-05 450
2655 0.00090779 1779
2656 7.15402e-05 9
2658 0.000205025 386
2660 0.000373261 532
2661 7.52169e-05 827
2662 0.0001188 1498
2663 0.0016414 79
2664 0.0027462 1008
2665 0.000671104 1786
2666 0.00156656 895
2670 2.54804e-05 1145
2671 0.000678318 1110
2674 4.55375e-05 1730
2675 0.000471194 1298
2676 0.00109042 1740
2681 0.0029729 310
2682 0.00654264 459
2683 0.00164511 284
2686 0.000106992 844
2687 0.00241203 133
2688 0.000494547 157
2690 0.000348893 1582
2692 0.000177841 411
2693 0.000939782 1198
2694 0.00181487 535
2695 0.000509725 734
2699 0.000110477 863
2700 0.000187089 621
2703 0.000106992 1676
2705 0.00116513 1227
2706 0.00014817 718
2707 0.000349128 689
2708 1.49204e-05 911
2709 0.000552775 104
2710 0.000278694 454
2711 1.8106e-05 19
2714 1.90828e-05 407
2715 2.53966e-05 1411
2718 1.83858e-05 1621
2720 8.93929e-05 330
2721 0.000122711 1228
2722 0.00050107 1224
2723 0.000478891 24
2729 1.65486e-05 1594
2735 0.00195622 303
2736 0.000314541 1059
2737 0.000353454 1366
2738 0.00134619 1149
2740 8.75681e-05 1519
2744 0.000151946 102
2745 0.000388503 1193
2746 0.000218438 1778
2748 0.0022728 607
2749 0.00221988 1706
2750 9.76683e-05 1139
2751 0.000139274 748
2752 0.00025758 819
2753 0.00155426 270
2754 0.000134565 566
2755 0.000219403 333
2756 3.04667e-05 1183
2757 0.0135371 733
2762 0.00011269 951
2765 0.000122169 1138
2766 0.00282361 177
2767 0.00430672 803
2768 2.98129e-05 215
2769 0.000127653 1247
2771 0.00117006 1168
2772 0.000788426 1504
2774 0.000259249 455
2775 0.000218182 1117
2776 0.00220147 1682
2777 0.000325393 636
2779 4.99161e-05 367
2781 1.96825e-05 162
2782 0.000716878 1023
2783 0.00243961 938
2784 0.000357496 1493
2786 6.28795e-05 813
2787 4.80362e-05 1619
2799 8.48819e-05 294
2801 0.000738643 997
2802 0.000836564 999
2803 0.000540828 1700
2804 5.15759e-05 738
2805 0.000756061 1499
2806 0.000171509 1710
2808 0.000224996 968
2812 0.00121874 1022
2816 0.000165609 1380
2818 1.66209e-05 73
2824 1.8106e-05 458
2826 0.000117012 1381
2828 0.000189511 942
2829 0.000288391 1629
2831 0.00030168 1244
2834 9.07822e-05 1604
2835 0.000226169 1304
2836 0.000500443 59
2840 5.58301e-05 397
2841 0.000232967 560
2843 0.00271769 1639
2844 2.84585e-05 421
2847 0.000169122 814
2848 0.000111963 1401
2849 0.00345178 400
2850 0.00104111 1797
2851 0.00429188 1431
2852 9.01385e-05 1782
2856 0.000578971 189
2859 4.1761e-05 1572
2860 0.000154994 501
2861 0.000115393 1698
2862 4.1761e-05 994
2867 0.000106992 1297
2868 8.56231e-05 1577
2870 0.000660853 1626
2871 0.00115211 891
2872 0.000230529 768
2874 0.000313177 1209
2875 2.56288e-05 1140
2878 0.000268177 925
2880 2.75497e-05 1255
2881 0.000165607 1418
2883 0.00433715 1711
2884 0.000191136 1217
2885 3.95278e-05 1195
2887 0.00097218 1579
2894 0.000132544 1406
2897 0.00149375 550
2900 0.000631764 50
2901 9.39919e-05 165
2902 0.000214573 3
2904 0.00170998 838
2905 0.000171509 1278
2907 0.000131221 1378
2908 1.87678e-05 717
2911 0.00242934 1064
2913 0.000102272 715
2914 0.000148844 708
2915 7.28963e-05 663
2919 0.000129783 906
2921 1.79203e-05 1764
2924 0.000480044 160
2926 0.000337886 1530
2928 0.000178634 1533
2931 0.000186669 1780
2933 0.00149375 1231
2934 0.00344657 933
2936 0.000143758 952
2937 0.000211503 47
2938 0.000185936 1615
2940 4.54604e-05 1703
2941 0.000193075 87
2942 6.48033e-05 660
2943 0.00104879 447
2944 0.000133199 1628
2946 4.47333e-05 956
2947 0.000328515 1546
2948 4.38094e-05 1171
2949 3.43319e-05 965
2953 0.000266329 107
2955 5.99447e-05 1743
2957 0.000146924 939
2958 0.000528289 680
2960 0.000117189 1316
2961 0.000154138 711
2962 1.87528e-05 1088
2966 6.66215e-05 496
2967 0.000101375 1245
2968 0.0002187 130
2970 0.000112607 139
2971 8.05526e-05 1329
2973 0.000149633 995
2975 5.64329e-05 1739
2976 0.000118671 1817
2978 0.000169912 1333
2981 8.34118e-05 1398
2982 8.2292e-05 464
2984 3.43647e-05 364
2985 0.000105107 732
2986 0.00234499 605
2987 0.000464015 29
2988 0.000140371 1058
2989 4.66188e-05 1009
2990 0.00310821 281
2991 0.000130093 624
2992 0.00011048 1377
2993 7.44637e-05 887
2994 0.00120142 1267
2996 0.000106992 1662
2997 2.72034e-05 209
2999 0.000267228 236
3002 0.000176021 1309
3003 2.59412e-05 1090
3006 4.10986e-05 180
3008 7.22692e-05 1599
3012 6.83798e-05 200
3017 0.000151565 770
3018 4.85263e-05 1407
3021 1.69597e-05 1580
3022 5.70135e-05 49
3023 0.000614028 1403
3025 0.000442811 1212
3027 0.000126666 1305
3028 0.000301807 1748
3029 4.47333e-05 778
3030 0.000151676 1104
3032 3.99109e-05 387
3033 4.73244e-05 1107
3036 2.64819e-05 470
3038 1.58845e-05 534
3041 0.00166851 528
3044 0.0020148 154
3045 0.000236998 60
3046 7.53237e-05 575
3048 0.00217135 515
3049 0.000618188 873
3050 0.000126574 171
3053 4.59264e-05 1641
3054 7.99884e-05 1284
3058 3.17685e-05 1235
3059 0.000307942 1093
3060 0.0002817 890
3061 0.000396289 1004
3062 0.000497955 484
3063 7.53111e-05 188
3064 0.000179068 563
3065 0.000172033 389
3072 0.000263082 959
3073 0.000205376 1479
3074 2.53966e-05 1653
3075 2.00855e-05 1790
3076 3.03537e-05 1021
3078 6.98486e-05 1165
3079 0.00103378 1485
3080 0.00019142 1036
3081 9.46501e-05 531
3084 6.49137e-05 569
3087 0.000353453 358
3088 0.00170097 1123
3089 0.000329661 1213
3090 3.50304e-05 1334
3091 0.000167286 1335
3094 9.87005e-05 161
3095 0.00111173 490
3097 2.52227e-05 1815
3098 0.000326986 1816
3100 0.000119086 1522
3101 0.000123085 758
3103 8.10907e-05 1038
3105 2.55305e-05 388
3106 0.00035073 120
3107 0.00113695 1723
3110 0.000437719 456
3111 0.000748557 1746
3113 5.88172e-05 1542
3114 0.00149041 907
3116 0.000148109 1686
3117 0.00025808 1611
3118 1.57636e-05 976
3121 0.00179928 317
3130 5.08775e-05 1789
3137 0.000414081 1337
3138 0.00103303 1092
3139 0.000387265 384
3140 2.72842e-05 1630
3142 2.08021e-05 187
3148 1.8106e-05 792
3149 0.00114916 97
3150 7.70088e-05 763
3152 0.000603811 1114
3154 0.000101475 213
3155 0.00149835 793
3158 0.00287904 1254
3159 0.000356173 1614
3161 7.4368e-05 492
3163 0.000507168 1019
3166 4.5311e-05 504
3168 0.00126925 1540
3169 4.82082e-05 1671
3171 0.00043906 1429
3175 0.000350127 1456
3177 4.10471e-05 40
3178 8.9403e-05 401
3180 0.000246215 465
3182 5.4042e-05 365
3183 8.24612e-05 1651
3187 0.000569801 1818
3189 0.000779393 1397
3192 4.80362e-05 604
3193 4.38828e-05 1147
3194 0.000191136 108
3200 0.00064497 1666
3202 7.56425e-05 695
3204 0.000113421 1718
3205 1.84547e-05 168
3206 0.00104769 762
3207 2.5196e-05 1223
3208 0.000421253 43
3209 0.000554222 1177
3210 0.000106992 1283
3211 0.00324479 1370
3215 2.76725e-05 302
3217 0.000643006 639
3219 0.000938608 843
3220 0.000262837 1290
3221 0.000165084 986
3222 1.83198e-05 1417
3223 9.46815e-05 989
3225 6.19961e-05 872
3228 0.00205057 687
3229 1.66209e-05 1351
3232 0.000566357 307
3233 0.00103046 923
3235 0.000326703 25
3236 0.000226266 1032
3237 9.43253e-05 845
3239 0.000419017 1367
3244 3.60395e-05 985
3245 6.13187e-05 469
3246 0.000125672 1003
3249 0.000185867 169
3251 3.8648e-05 402
3252 2.05152e-05 1307
3254 0.000146669 551
3255 2.76702e-05 638
3257 0.000120889 443
3259 3.38651e-05 652
3261 0.000131493 1750
3262 2.1108e-05 1020
3263 0.000530326 1687
3264 0.00294374 418
3265 9.80828e-05 1744
3266 0.000403898 117
3269 0.000513677 1273
3270 0.000244521 1001
3272 0.000169199 1179
3273 0.000178529 1652
3279 0.00119078 1012
3282 0.000580771 1218
3283 0.000164357 1057
3289 0.000343718 757
3290 0.000256911 1494
3291 4.20332e-05 766
3293 0.000212663 135
3295 0.000154275 993
3297 8.50003e-05 688
3300 0.000106992 920
3301 0.000106992 128
3302 0.000258834 1455
3305 0.000120357 1078
3306 0.00119119 190
3307 0.000959496 1556
3309 0.000182454 931
3311 0.000204922 1587
3312 0.000188874 840
3315 0.000300321 1074
3316 5.43146e-05 1716
3318 6.31843e-05 836
3322 4.17054e-05 1457
3323 6.49708e-05 894
3324 4.5529e-05 1728
3326 0.000154126 519
3328 0.000760844 1454
3329 0.000802542 1511
3330 6.25587e-05 1688
3332 0.00144847 319
3333 0.00159237 1562
3334 2.68407e-05 641
3335 3.03314e-05 295
3336 7.18524e-05 799
3345 0.0045712 1100
3347 0.000160543 536
3349 0.00161376 1620
3350 0.00547669 1054
3351 0.000872022 1055
3352 4.55745e-05 503
3353 0.000936896 1510
3354 0.00701779 1732
3356 0.00089465 500
3359 0.00014715 259
3363 0.000272439 709
3364 0.000599498 723
3365 0.00180584 919
3367 0.00145486 1108
3368 0.000123937 1462
3369 0.000171006 122
3372 0.000154347 229
3374 0.000150347 1288
3379 0.00292608 405
3383 7.5122e-05 468
3386 0.000787215 1631
3390 0.000101309 1680
3392 7.53023e-05 186
3393 2.85773e-05 321
3394 2.85773e-05 618
3396 3.60395e-05 1289
3397 2.53966e-05 1451
