#PageRankData 0
# PageRank computation data result
# Copyright (C) 2012 Hitoshi Yamauchi
#
# result_index pagerank sorted_permulation_index
#
3 0.000139813 71
4 0.000122831 557
6 0.00266781 498
7 0.00603383 95
9 0.00718067 522
10 0.000189818 292
12 0.000847312 312
13 4.24529e-05 224
14 3.3913e-05 364
15 0.00195756 193
16 0.00667268 573
17 6.55147e-05 535
19 0.00098173 272
22 0.000545013 503
23 0.00413325 93
28 7.37992e-05 97
29 0.00096157 432
30 5.14456e-05 600
33 3.7626e-05 517
34 0.000122836 119
43 0.000394653 26
44 1.80684e-05 5
45 0.000559047 372
46 0.000243565 416
47 0.000162022 492
48 0.00723789 31
49 0.0066337 528
50 0.00017015 617
58 0.000603514 291
59 0.000411662 136
62 0.00718067 56
63 0.000164786 99
64 0.000886762 518
65 0.000108177 398
66 0.000472623 339
70 0.00138308 509
71 0.000359817 122
72 0.000198773 11
73 0.00259971 27
74 8.27809e-05 183
75 8.43118e-05 51
76 0.000298367 506
77 7.46192e-05 567
79 0.00195756 52
83 0.000244341 345
87 0.00629044 129
89 0.00087904 46
91 0.000116995 540
92 7.29214e-05 471
93 0.000151706 361
95 0.00651852 234
97 0.00634022 476
98 0.000238866 157
99 0.000222947 373
100 0.00103979 177
101 0.00685792 501
104 0.000109824 548
105 0.00123612 329
107 0.000664958 163
109 0.000167466 417
110 0.000135668 65
111 0.0002965 226
112 0.000808645 401
113 0.000184753 274
114 0.0061266 290
116 0.00608743 620
117 0.000379362 321
121 0.000157662 109
123 0.00359471 627
124 0.00050463 66
125 0.00905953 405
127 9.04053e-05 164
128 0.00270732 314
131 0.000238516 118
134 0.00202022 487
136 0.000232842 455
144 0.000217292 215
145 0.00023874 566
147 6.79271e-05 85
149 0.000852918 113
152 0.000678098 611
154 0.000108703 117
156 0.000824417 311
157 0.00129746 453
158 0.006048 529
160 0.000135147 178
161 0.000112833 213
163 0.000185514 236
165 0.000762024 261
166 0.00042633 445
167 0.00354805 472
170 0.000327402 502
171 0.0074003 516
172 0.000135426 565
173 0.00816851 598
174 0.000199418 614
177 0.00729559 303
179 0.00284587 319
180 0.00683258 352
182 8.53024e-05 420
183 0.000570746 4
184 4.44162e-05 537
185 5.90572e-05 450
188 8.62675e-05 347
189 0.000138138 168
191 0.000279441 271
192 0.000330791 422
194 0.000442331 365
195 0.00609908 15
196 0.000840637 266
199 0.000540501 69
201 6.60277e-05 91
204 0.00603557 367
205 0.000217692 591
206 0.000235332 335
209 0.000339113 475
212 0.00603442 579
213 0.00607929 354
216 0.00723791 98
219 0.000469792 243
220 0.000329015 411
221 0.00675915 147
222 0.00255179 174
224 8.48142e-05 436
225 0.000352126 73
226 0.00149861 496
227 0.000647797 556
228 0.00037248 3
229 0.00630356 505
230 0.000842402 337
233 0.000224022 538
235 0.000220852 39
236 0.000230237 123
237 0.000134686 397
239 0.000525083 610
240 0.00700421 334
243 0.0002556 282
244 0.000226279 446
246 0.000139542 613
247 0.00207856 209
248 0.000170403 360
249 0.000398605 539
250 0.000472532 255
252 0.000818444 568
253 7.65629e-05 197
254 0.000233264 586
255 0.00272372 140
256 9.08972e-05 273
257 1.80684e-05 283
259 0.000445703 75
260 0.000118845 515
262 0.000137393 466
265 3.61746e-05 250
267 8.06132e-05 287
268 0.000136138 44
269 1.98187e-05 402
270 0.00619425 414
271 0.000145385 10
273 0.000109257 232
275 0.00027549 203
277 7.33269e-05 258
279 0.000219718 431
280 0.00612814 395
281 0.00608227 320
282 0.00065845 606
283 7.28657e-05 126
285 7.59886e-05 594
287 0.00474832 202
288 9.26841e-05 36
289 0.000221631 351
290 0.000137022 223
291 0.000302242 222
292 0.000343142 382
293 0.00272322 504
294 0.000485599 553
295 0.000449981 84
296 0.00614713 279
297 0.00603383 58
299 0.000447798 230
301 0.000329552 508
302 0.000286125 268
303 0.000269083 259
304 0.00655482 558
305 0.000252383 564
309 0.000121437 201
311 0.000440998 233
313 0.000150677 260
316 3.46374e-05 238
318 0.000363811 494
319 5.14456e-05 305
321 6.92211e-05 441
322 0.000188803 511
323 0.00768987 231
324 0.000631276 55
325 6.31266e-05 605
326 0.000103391 588
329 0.00222462 549
333 0.000240221 467
336 0.00082902 207
338 0.000610608 500
339 0.00114243 595
341 0.0014586 13
344 0.00172422 300
345 5.09278e-05 470
347 0.000138174 577
349 0.000162138 456
350 0.000981854 17
352 4.59473e-05 478
353 0.00240919 440
354 0.000202729 371
355 2.6636e-05 410
360 0.000135637 593
363 0.00603383 443
364 0.000229036 33
365 0.00607145 458
367 0.000179913 47
368 0.000422391 80
369 6.21762e-05 7
370 0.000125017 582
371 5.05775e-05 130
372 4.44162e-05 110
373 0.00134893 199
375 0.00135058 83
376 0.00774761 484
377 0.000237707 144
379 0.00611999 63
383 4.48617e-05 415
387 0.000538154 576
388 7.25294e-05 89
390 0.00123165 485
391 0.00104338 325
392 0.0017335 281
396 0.00111745 514
397 0.00622529 331
399 4.87858e-05 480
400 0.00603383 381
403 0.000129142 248
404 0.0010963 555
405 0.000376534 571
407 0.000112214 363
410 3.13875e-05 547
412 0.000185885 81
414 0.00276813 59
416 2.85006e-05 165
418 2.86841e-05 127
420 0.00016733 589
421 0.000204666 396
425 0.000695605 194
426 0.000176259 376
427 0.00195756 200
428 2.86363e-05 523
431 0.000139934 29
435 0.000139542 604
436 0.000300736 348
440 0.00231423 101
442 0.000247216 377
446 0.000110286 308
448 0.00170657 23
450 0.00117917 14
451 0.00109634 521
453 0.00603383 111
454 0.000497656 228
456 7.24167e-05 375
457 0.000328187 399
459 0.000310753 135
460 0.0036666 277
463 0.000146034 570
464 0.00121774 512
466 0.000334919 603
468 2.56805e-05 592
470 0.00471089 70
471 0.00761474 426
472 0.00207427 332
473 0.00611719 262
475 0.000457914 175
476 0.00042639 35
477 0.000523252 143
478 0.000122866 120
479 0.00124071 552
480 0.000134332 275
482 0.000727689 389
483 0.0024299 393
484 0.00205488 176
485 0.000228432 179
488 4.94388e-05 150
489 5.42873e-05 108
490 0.00195756 186
491 0.000261833 585
497 0.00015871 507
498 0.00611139 546
499 0.00704611 276
500 0.00796929 90
502 0.000162413 531
503 0.000145366 217
507 0.000279559 30
509 0.000248197 625
515 3.09077e-05 447
519 0.000163914 342
521 0.00020796 368
523 0.000979436 142
524 4.38596e-05 542
526 3.60074e-05 21
528 0.00603383 408
529 0.000138159 67
531 0.00109227 239
533 0.000312125 550
535 8.58942e-05 574
536 0.000563404 128
537 0.000177166 481
538 0.000299937 189
539 0.00603442 37
541 0.00796664 125
542 0.000261581 317
543 0.00608052 419
548 6.5478e-05 583
552 0.000113734 457
553 0.000350246 173
554 0.000176379 330
555 0.00603383 116
556 0.00156439 392
557 0.00609962 269
558 0.000243698 486
559 0.00026342 107
562 4.77159e-05 180
563 0.000751739 121
564 0.000136329 343
565 4.59473e-05 264
566 0.0002165 92
569 0.00613166 406
572 0.000339944 341
573 0.000706234 394
574 0.000498043 306
575 0.000101949 336
577 0.00245413 265
578 0.00299433 444
581 0.000311996 172
582 0.00265207 254
583 0.000148928 310
585 0.00676339 42
586 0.000277349 62
587 0.000315572 479
588 0.00040443 181
589 0.000328808 403
590 0.000198887 428
591 0.00632847 295
592 9.58817e-05 106
594 0.00492244 469
595 0.000584334 340
597 7.14e-05 607
601 0.00015347 160
602 0.0013753 182
603 0.00603383 323
604 2.54245e-05 474
605 0.00284681 288
606 0.000118402 313
607 0.000217113 137
608 0.000111388 532
609 1.80684e-05 609
610 4.99395e-05 424
612 0.00240568 184
613 0.00623137 559
614 7.10433e-05 296
615 0.000690468 385
616 0.00770477 256
617 0.00421398 477
618 0.000101343 616
619 0.0033598 45
620 0.000399377 572
621 2.89665e-05 322
623 9.46419e-05 24
625 0.00094358 463
626 0.00718067 198
628 0.00618721 53
629 0.000102719 78
631 0.000533026 74
634 0.000611818 225
635 0.00057003 623
638 0.000112214 115
639 0.000189377 146
642 0.000194003 76
643 0.000700037 133
644 0.00134413 214
646 0.000126404 284
648 0.000160597 488
650 0.000247963 138
651 4.13404e-05 131
652 4.00433e-05 54
653 0.000103103 170
656 0.000453713 590
657 0.000210283 132
659 8.73464e-05 162
661 0.000337943 114
662 0.000452319 77
664 0.000312623 356
665 0.00159023 596
667 0.000641608 328
668 0.00252073 490
669 0.00677098 581
670 0.000528639 390
671 0.000158009 299
672 0.00611981 602
673 0.00195756 247
674 0.000285914 210
676 0.00015434 96
677 0.00608689 344
678 0.000325837 38
681 4.57701e-05 380
682 0.00039128 6
683 0.000143006 379
684 0.000905772 192
687 0.0027423 527
689 7.37992e-05 242
690 0.000175515 88
691 0.00195756 615
692 0.000798809 64
693 0.00718067 459
695 0.00612776 216
696 0.000107151 618
697 0.000350142 560
699 0.00603383 309
702 0.000131794 318
705 0.00436141 249
709 7.8995e-05 413
711 0.000253284 530
713 9.65576e-05 437
714 0.000502152 141
715 0.000133183 28
717 0.000285438 563
718 0.000107903 60
719 5.1545e-05 246
720 0.0016615 612
721 0.00729519 32
722 6.50556e-05 298
723 2.37352e-05 599
724 8.23033e-05 293
726 0.00271682 206
727 0.000175168 25
728 4.47701e-05 384
729 6.55147e-05 621
730 0.000944538 289
731 0.00106265 400
732 7.9421e-05 68
737 0.000893088 562
739 0.000305567 404
740 0.00603383 350
742 0.00241485 50
744 0.000406386 187
746 9.66331e-05 513
747 7.17813e-05 338
748 0.00545314 267
749 3.77983e-05 158
751 5.82843e-05 294
752 0.00603442 460
753 4.47701e-05 409
755 0.00607557 465
756 0.00097528 252
757 0.000343827 584
762 0.000885507 1
763 0.000183375 253
764 0.000143512 139
770 2.86363e-05 205
771 4.17167e-05 304
774 0.00024286 105
775 9.54396e-05 152
776 0.000141719 597
777 0.00198754 171
781 0.000990592 326
782 3.54723e-05 155
784 0.00027824 61
786 0.000979436 212
787 0.00623822 94
788 0.00603383 544
789 9.22034e-05 86
793 0.000261973 543
794 0.00287513 134
795 0.00621458 280
796 0.000246335 427
801 0.000944656 421
802 0.000287049 237
803 0.000704825 383
804 0.000371727 519
805 4.23033e-05 587
807 5.82843e-05 219
812 0.000821512 278
814 0.000755961 20
816 0.000332723 2
820 0.00607902 185
821 0.000226767 151
822 7.15635e-05 601
823 0.000213543 355
824 4.38596e-05 48
825 0.00718067 316
831 8.83718e-05 624
833 0.00109307 87
834 8.40669e-05 378
835 0.00269073 240
836 7.37992e-05 357
837 0.0084911 534
838 3.60074e-05 526
839 0.000981854 257
840 0.00613422 57
841 0.00603383 159
843 0.00742272 82
844 0.00131779 34
845 0.00266596 429
847 0.00644839 418
848 0.000431467 578
850 0.00123132 196
851 0.00676143 388
852 3.18702e-05 374
853 0.0010578 569
855 0.000515724 333
856 0.000149084 366
858 0.000716741 448
861 0.0019898 525
862 0.00603383 425
863 0.00728313 346
867 0.00681851 551
868 0.000125166 464
872 5.96947e-05 370
874 0.000543436 545
875 0.00814129 169
876 0.000608119 473
878 6.69183e-05 148
879 9.66076e-05 72
881 0.000110704 493
882 0.000187374 391
883 0.00716551 619
884 0.00603442 104
885 0.00017545 307
886 0.000423263 580
887 0.000254512 100
888 8.36039e-05 124
889 0.000110921 41
891 0.00766957 495
893 2.85324e-05 533
894 0.00598431 40
895 0.00262611 435
899 0.0023833 154
900 0.00624923 442
901 5.56253e-05 423
902 0.000394699 622
903 0.000134686 145
908 0.000135359 167
910 9.33232e-05 43
911 0.00042662 16
912 0.000683162 412
913 0.00613421 497
915 0.000993181 161
916 0.000372985 49
918 9.55606e-05 166
919 0.000460749 229
920 0.00131263 263
921 6.48801e-05 449
922 0.000695177 489
924 0.00269054 349
925 0.008953 362
926 0.00117181 191
927 0.000248674 79
928 0.000177297 524
929 3.7098e-05 112
930 0.000156097 12
931 0.000169157 439
932 0.00115557 315
933 0.00603383 433
935 0.00606974 554
936 0.00637837 195
939 0.00228832 218
941 0.000102345 626
942 0.000520404 520
946 0.000690732 103
950 0.000243701 452
954 0.00767427 483
955 0.000372586 541
956 1.80684e-05 286
957 0.000791192 430
958 0.000979436 18
959 0.00010433 190
960 0.00286062 204
961 8.58942e-05 220
962 0.000211123 359
963 0.000843669 608
964 0.000344533 285
965 0.000139916 235
968 0.000433588 324
969 0.00217021 208
970 0.000125132 327
971 0.00102818 407
972 0.000643698 227
973 0.000220873 438
977 0.0030737 454
978 0.000512161 102
979 0.000901295 221
983 0.00147691 301
985 0.000981854 491
986 0.000216979 8
988 0.000137279 482
989 0.00603383 462
990 0.000163372 386
991 0.00728923 387
992 0.000118562 451
994 0.000207566 19
995 0.000513841 561
997 0.000584986 153
998 0.00102946 302
999 0.00153493 499
1000 0.000275709 468
1001 4.99348e-05 188
1002 0.000254384 9
1004 0.00250106 510
1006 0.006035 241
1008 0.000166686 297
1009 0.00240971 369
1011 0.00603383 245
1013 0.000185075 251
1014 0.000245289 461
1015 0.00709375 536
1016 0.000177722 244
1018 8.63157e-05 211
1020 0.00610514 270
1022 0.000159853 353
1023 7.74937e-05 434
1026 0.000236481 156
1030 0.000113423 22
1031 0.000409963 149
1032 6.1297e-05 358
1034 0.00608882 575
